kappa	t	t_1
0.05	-3	-2.50026214766662
0.05	-2.99	-2.49206655583385
0.05	-2.98	-2.48386039314137
0.05	-2.97	-2.47564332937634
0.05	-2.96	-2.46741503604806
0.05	-2.95	-2.45917518671114
0.05	-2.94	-2.45092345729439
0.05	-2.93	-2.4426595264353
0.05	-2.92	-2.43438307581941
0.05	-2.91	-2.42609379052434
0.05	-2.9	-2.41779135936775
0.05	-2.89	-2.40947547525898
0.05	-2.88	-2.40114583555348
0.05	-2.87	-2.39280214240977
0.05	-2.86	-2.3844441031482
0.05	-2.85	-2.37607143061075
0.05	-2.84	-2.36768384352146
0.05	-2.83	-2.35928106684664
0.05	-2.82	-2.35086283215424
0.05	-2.81	-2.34242887797154
0.05	-2.8	-2.33397895014065
0.05	-2.79	-2.32551280217084
0.05	-2.78	-2.31703019558699
0.05	-2.77	-2.30853090027352
0.05	-2.76	-2.30001469481275
0.05	-2.75	-2.29148136681707
0.05	-2.74	-2.28293071325416
0.05	-2.73	-2.27436254076413
0.05	-2.72	-2.26577666596823
0.05	-2.71	-2.25717291576785
0.05	-2.7	-2.24855112763332
0.05	-2.69	-2.23991114988164
0.05	-2.68	-2.23125284194215
0.05	-2.67	-2.22257607460967
0.05	-2.66	-2.21388073028409
0.05	-2.65	-2.20516670319577
0.05	-2.64	-2.19643389961602
0.05	-2.63	-2.18768223805196
0.05	-2.62	-2.17891164942497
0.05	-2.61	-2.17012207723233
0.05	-2.6	-2.16131347769115
0.05	-2.59	-2.1524858198642
0.05	-2.58	-2.14363908576703
0.05	-2.57	-2.13477327045593
0.05	-2.56	-2.12588838209621
0.05	-2.55	-2.11698444201033
0.05	-2.54	-2.10806148470581
0.05	-2.53	-2.09911955788214
0.05	-2.52	-2.09015872241685
0.05	-2.51	-2.08117905233032
0.05	-2.5	-2.07218063472913
0.05	-2.49	-2.06316356972803
0.05	-2.48	-2.05412797035032
0.05	-2.47	-2.0450739624067
0.05	-2.46	-2.03600168435266
0.05	-2.45	-2.0269112871246
0.05	-2.44	-2.01780293395472
0.05	-2.43	-2.00867680016507
0.05	-2.42	-1.99953307294094
0.05	-2.41	-2.37601330813947
0.05	-2.4	-2.36611306904805
0.05	-2.39	-2.35621060984519
0.05	-2.38	-2.34630596884803
0.05	-2.37	-2.33639918521918
0.05	-2.36	-2.32649029892753
0.05	-2.35	-2.31657935070777
0.05	-2.34	-2.30666638201864
0.05	-2.33	-2.29675143500015
0.05	-2.32	-2.28683455242957
0.05	-2.31	-2.27691577767646
0.05	-2.3	-2.26699515465679
0.05	-2.29	-2.25707272778605
0.05	-2.28	-2.24714854193169
0.05	-2.27	-2.23722264236469
0.05	-2.26	-2.22729507471059
0.05	-2.25	-2.21736588489986
0.05	-2.24	-2.20743511911786
0.05	-2.23	-2.19750282375438
0.05	-2.22	-2.18756904535282
0.05	-2.21	-2.17763383055922
0.05	-2.2	-2.16769722607119
0.05	-2.19	-2.15775927858672
0.05	-2.18	-2.14782003475313
0.05	-2.17	-2.13787954111623
0.05	-2.16	-2.12793784406961
0.05	-2.15	-2.11799498980446
0.05	-2.14	-2.10805102425974
0.05	-2.13	-2.09810599307296
0.05	-2.12	-2.08815994153165
0.05	-2.11	-2.0782129145255
0.05	-2.1	-2.06826495649949
0.05	-2.09	-2.05831611140788
0.05	-2.08	-2.04836642266927
0.05	-2.07	-2.03841593312286
0.05	-2.06	-2.02846468498585
0.05	-2.05	-2.01851271981226
0.05	-2.04	-2.00856007845309
0.05	-2.03	-1.99860680101802
0.05	-2.02	-1.98865292683864
0.05	-2.01	-1.97869849443339
0.05	-2	-1.96874354147415
0.05	-1.99	-1.95878810475467
0.05	-1.98	-1.94883222016085
0.05	-1.97	-1.9388759226429
0.05	-1.96	-1.92891924618951
0.05	-1.95	-1.91896222380401
0.05	-1.94	-1.90900488748258
0.05	-1.93	-1.89904726819461
0.05	-1.92	-1.88908939586516
0.05	-1.91	-1.87913129935955
0.05	-1.9	-1.8691730064702
0.05	-1.89	-1.8592145439056
0.05	-1.88	-1.84925593728154
0.05	-1.87	-1.83929721111449
0.05	-1.86	-1.82933838881727
0.05	-1.85	-1.81937949269678
0.05	-1.84	-1.80942054395409
0.05	-1.83	-1.79946156268648
0.05	-1.82	-1.78950256789179
0.05	-1.81	-1.77954357747475
0.05	-1.8	-1.76958460825537
0.05	-1.79	-1.75962567597937
0.05	-1.78	-1.74966679533057
0.05	-1.77	-1.73970797994509
0.05	-1.76	-1.72974924242746
0.05	-1.75	-1.71979059436842
0.05	-1.74	-1.70983204636449
0.05	-1.73	-1.69987360803903
0.05	-1.72	-1.6899152880649
0.05	-1.71	-1.67995709418854
0.05	-1.7	-1.66999903325535
0.05	-1.69	-1.66004111123636
0.05	-1.68	-1.65008333325603
0.05	-1.67	-1.64012570362107
0.05	-1.66	-1.63016822585025
0.05	-1.65	-1.62021090270505
0.05	-1.64	-1.61025373622097
0.05	-1.63	-1.60029672773954
0.05	-1.62	-1.59033987794087
0.05	-1.61	-1.58038318687648
0.05	-1.6	-1.57042665400263
0.05	-1.59	-1.56047027821366
0.05	-1.58	-1.55051405787556
0.05	-1.57	-1.54055799085946
0.05	-1.56	-1.53060207457502
0.05	-1.55	-1.52064630600366
0.05	-1.54	-1.51069068173141
0.05	-1.53	-1.50073519798142
0.05	-1.52	-1.49077985064594
0.05	-1.51	-1.48082463531783
0.05	-1.5	-1.47086954732124
0.05	-1.49	-1.46091458174176
0.05	-1.48	-1.45095973345564
0.05	-1.47	-1.44100499715819
0.05	-1.46	-1.43105036739129
0.05	-1.45	-1.42109583856983
0.05	-1.44	-1.41114140500722
0.05	-1.43	-1.40118706093977
0.05	-1.42	-1.39123280054997
0.05	-1.41	-1.38127861798862
0.05	-1.4	-1.37132450739581
0.05	-1.39	-1.3613704629207
0.05	-1.38	-1.35141647874005
0.05	-1.37	-1.34146254907561
0.05	-1.36	-1.33150866821023
0.05	-1.35	-1.32155483050278
0.05	-1.34	-1.31160103040182
0.05	-1.33	-1.30164726245812
0.05	-1.32	-1.29169352133596
0.05	-1.31	-1.28173980182329
0.05	-1.3	-1.27178609884068
0.05	-1.29	-1.2618324074493
0.05	-1.28	-1.25187872285764
0.05	-1.27	-1.24192504042738
0.05	-1.26	-1.23197135567807
0.05	-1.25	-1.22201766429103
0.05	-1.24	-1.21206396211216
0.05	-1.23	-1.20211024515404
0.05	-1.22	-1.19215650959706
0.05	-1.21	-1.18220275178993
0.05	-1.2	-1.17224896824931
0.05	-1.19	-1.16229515565889
0.05	-1.18	-1.15234131086778
0.05	-1.17	-1.14238743088837
0.05	-1.16	-1.13243351289364
0.05	-1.15	-1.12247955421404
0.05	-1.14	-1.11252555233391
0.05	-1.13	-1.10257150488756
0.05	-1.12	-1.09261740965498
0.05	-1.11	-1.08266326455738
0.05	-1.1	-1.07270906765238
0.05	-1.09	-1.06275481712906
0.05	-1.08	-1.05280051130287
0.05	-1.07	-1.04284614861042
0.05	-1.06	-1.03289172760417
0.05	-1.05	-1.02293724694714
0.05	-1.04	-1.01298270540751
0.05	-1.03	-1.00302810185334
0.05	-1.02	-0.993073435247308
0.05	-1.01	-0.983118704641428
0.05	-1	-0.973163909171997
0.05	-0.99	-0.963209048054558
0.05	-0.98	-0.953254120579016
0.05	-0.97	-0.943299126104902
0.05	-0.96	-0.933344064056778
0.05	-0.95	-0.923388933919817
0.05	-0.94	-0.913433735235548
0.05	-0.93	-0.903478467597788
0.05	-0.92	-0.893523130648748
0.05	-0.91	-0.883567724075338
0.05	-0.9	-0.873612247605651
0.05	-0.89	-0.863656701005645
0.05	-0.88	-0.853701084076005
0.05	-0.87	-0.843745396649196
0.05	-0.86	-0.833789638586704
0.05	-0.85	-0.823833809776442
0.05	-0.84	-0.813877910130344
0.05	-0.83	-0.803921939582122
0.05	-0.82	-0.793965898085184
0.05	-0.81	-0.784009785610712
0.05	-0.8	-0.774053602145884
0.05	-0.79	-0.764097347692244
0.05	-0.78	-0.754141022264203
0.05	-0.77	-0.744184625887668
0.05	-0.76	-0.734228158598788
0.05	-0.75	-0.724271620442823
0.05	-0.74	-0.714315011473101
0.05	-0.73	-0.704358331750089
0.05	-0.72	-0.694401581340547
0.05	-0.71	-0.684444760316765
0.05	-0.7	-0.674487868755882
0.05	-0.69	-0.664530906739273
0.05	-0.68	-0.654573874352005
0.05	-0.67	-0.644616771682349
0.05	-0.66	-0.634659598821345
0.05	-0.65	-0.624702355862423
0.05	-0.64	-0.614745042901066
0.05	-0.63	-0.604787660034505
0.05	-0.62	-0.594830207361466
0.05	-0.61	-0.584872684981933
0.05	-0.6	-0.574915092996952
0.05	-0.59	-0.564957431508456
0.05	-0.58	-0.554999700619112
0.05	-0.57	-0.545041900432191
0.05	-0.56	-0.535084031051456
0.05	-0.55	-0.525126092581058
0.05	-0.54	-0.515168085125461
0.05	-0.53	-0.505210008789365
0.05	-0.52	-0.495251863677645
0.05	-0.51	-0.4852936498953
0.05	-0.5	-0.475335367547409
0.05	-0.49	-0.465377016739092
0.05	-0.48	-0.455418597575483
0.05	-0.47	-0.445460110161696
0.05	-0.46	-0.43550155460281
0.05	-0.45	-0.425542931003846
0.05	-0.44	-0.415584239469754
0.05	-0.43	-0.405625480105401
0.05	-0.42	-0.395666653015556
0.05	-0.41	-0.385707758304887
0.05	-0.4	-0.375748796077949
0.05	-0.39	-0.365789766439184
0.05	-0.38	-0.355830669492907
0.05	-0.37	-0.345871505343315
0.05	-0.36	-0.335912274094471
0.05	-0.35	-0.32595297585031
0.05	-0.34	-0.315993610714634
0.05	-0.33	-0.306034178791113
0.05	-0.32	-0.296074680183276
0.05	-0.31	-0.286115114994523
0.05	-0.3	-0.276155483328112
0.05	-0.29	-0.266195785287165
0.05	-0.28	-0.256236020974666
0.05	-0.27	-0.246276190493462
0.05	-0.26	-0.23631629394626
0.05	-0.25	-0.226356331435629
0.05	-0.24	-0.216396303063998
0.05	-0.23	-0.206436208933661
0.05	-0.22	-0.19647604914677
0.05	-0.21	-0.186515823805339
0.05	-0.2	-0.176555533011245
0.05	-0.19	-0.166595176866226
0.05	-0.18	-0.15663475547188
0.05	-0.17	-0.146674268929667
0.05	-0.16	-0.136713717340912
0.05	-0.15	-0.126753100806798
0.05	-0.14	-0.116792419428372
0.05	-0.13	-0.106831673306543
0.05	-0.12	-0.0968708625420814
0.05	-0.11	-0.0869099872356209
0.05	-0.1	-0.0769490474876576
0.05	-0.0899999999999999	-0.0669880433985498
0.05	-0.0800000000000001	-0.0570269750685191
0.05	-0.0699999999999998	-0.0470658425976487
0.05	-0.0600000000000001	-0.037104646085887
0.05	-0.0499999999999998	-0.027143385633043
0.05	-0.04	-0.0171820613387913
0.05	-0.0299999999999998	-0.00722067330266766
0.05	-0.02	0.00274077837592654
0.05	-0.00999999999999979	0.0127022935977284
0.05	0	0.0226638722636091
0.05	0.0100000000000002	0.0326255142745783
0.05	0.02	0.0425872195317792
0.05	0.0300000000000002	0.0525489879364932
0.05	0.04	0.0625108193901355
0.05	0.0500000000000003	0.0724727137942587
0.05	0.0600000000000001	0.0824346710505489
0.05	0.0700000000000003	0.09239669106083
0.05	0.0800000000000001	0.102358773727058
0.05	0.0899999999999999	0.112320918951328
0.05	0.1	0.122283126635867
0.05	0.11	0.132245396683037
0.05	0.12	0.142207728995337
0.05	0.13	0.152170123475398
0.05	0.14	0.162132580025988
0.05	0.15	0.172095098550007
0.05	0.16	0.18205767895049
0.05	0.17	0.192020321130607
0.05	0.18	0.201983024993662
0.05	0.19	0.21194579044309
0.05	0.2	0.221908617382465
0.05	0.21	0.231871505715489
0.05	0.22	0.241834455346001
0.05	0.23	0.251797466177972
0.05	0.24	0.261760538115508
0.05	0.25	0.271723671062845
0.05	0.26	0.281686864924354
0.05	0.27	0.291650119604538
0.05	0.28	0.301613435008035
0.05	0.29	0.311576811039612
0.05	0.3	0.321540247604171
0.05	0.31	0.331503744606744
0.05	0.32	0.341467301952499
0.05	0.33	0.351430919546733
0.05	0.34	0.361394597294874
0.05	0.35	0.371358335102486
0.05	0.36	0.381322132875261
0.05	0.37	0.391285990519024
0.05	0.38	0.40124990793973
0.05	0.39	0.411213885043468
0.05	0.4	0.421177921736455
0.05	0.41	0.431142017925043
0.05	0.42	0.44110617351571
0.05	0.43	0.45107038841507
0.05	0.44	0.461034662529862
0.05	0.45	0.470998995766961
0.05	0.46	0.480963388033368
0.05	0.47	0.490927839236217
0.05	0.48	0.500892349282771
0.05	0.49	0.510856918080424
0.05	0.5	0.520821545536699
0.05	0.51	0.530786231559248
0.05	0.52	0.540750976055854
0.05	0.53	0.550715778934429
0.05	0.54	0.560680640103014
0.05	0.55	0.57064555946978
0.05	0.56	0.580610536943027
0.05	0.57	0.590575572431183
0.05	0.58	0.600540665842805
0.05	0.59	0.610505817086579
0.05	0.6	0.620471026071322
0.05	0.61	0.630436292705975
0.05	0.62	0.64040161689961
0.05	0.63	0.650366998561427
0.05	0.64	0.660332437600753
0.05	0.65	0.670297933927044
0.05	0.66	0.680263487449884
0.05	0.67	0.690229098078984
0.05	0.68	0.700194765724182
0.05	0.69	0.710160490295444
0.05	0.7	0.720126271702864
0.05	0.71	0.730092109856661
0.05	0.72	0.740058004667185
0.05	0.73	0.750023956044908
0.05	0.74	0.759989963900433
0.05	0.75	0.769956028144485
0.05	0.76	0.779922148687922
0.05	0.77	0.789888325441721
0.05	0.78	0.79985455831699
0.05	0.79	0.809820847224963
0.05	0.8	0.819787192076998
0.05	0.81	0.829753592784579
0.05	0.82	0.839720049259318
0.05	0.83	0.84968656141295
0.05	0.84	0.859653129157336
0.05	0.85	0.869619752404463
0.05	0.86	0.879586431066444
0.05	0.87	0.889553165055514
0.05	0.88	0.899519954284037
0.05	0.89	0.909486798664498
0.05	0.9	0.919453698109509
0.05	0.91	0.929420652531807
0.05	0.92	0.939387661844249
0.05	0.93	0.949354725959823
0.05	0.94	0.959321844791636
0.05	0.95	0.969289018252921
0.05	0.96	0.979256246257034
0.05	0.97	0.989223528717456
0.05	0.98	0.99919086554779
0.05	0.99	1.00915825666176
0.05	1	1.01912570197323
0.25	-3	-2.50026214766662
0.25	-2.99	-2.49206655583385
0.25	-2.98	-2.48386039314137
0.25	-2.97	-2.47564332937634
0.25	-2.96	-2.46741503604806
0.25	-2.95	-2.45917518671114
0.25	-2.94	-2.45092345729439
0.25	-2.93	-2.4426595264353
0.25	-2.92	-2.43438307581941
0.25	-2.91	-2.42609379052434
0.25	-2.9	-2.41779135936775
0.25	-2.89	-2.40947547525898
0.25	-2.88	-2.40114583555348
0.25	-2.87	-2.39280214240977
0.25	-2.86	-2.3844441031482
0.25	-2.85	-2.37607143061075
0.25	-2.84	-2.36768384352146
0.25	-2.83	-2.35928106684664
0.25	-2.82	-2.35086283215424
0.25	-2.81	-2.34242887797154
0.25	-2.8	-2.33397895014065
0.25	-2.79	-2.32551280217084
0.25	-2.78	-2.31703019558699
0.25	-2.77	-2.30853090027352
0.25	-2.76	-2.30001469481275
0.25	-2.75	-2.29148136681707
0.25	-2.74	-2.28293071325416
0.25	-2.73	-2.27436254076413
0.25	-2.72	-2.26577666596823
0.25	-2.71	-2.25717291576785
0.25	-2.7	-2.24855112763332
0.25	-2.69	-2.23991114988164
0.25	-2.68	-2.23125284194215
0.25	-2.67	-2.22257607460967
0.25	-2.66	-2.21388073028409
0.25	-2.65	-2.20516670319577
0.25	-2.64	-2.19643389961602
0.25	-2.63	-2.18768223805196
0.25	-2.62	-2.17891164942497
0.25	-2.61	-2.17012207723233
0.25	-2.6	-2.16131347769115
0.25	-2.59	-2.1524858198642
0.25	-2.58	-2.14363908576703
0.25	-2.57	-2.13477327045593
0.25	-2.56	-2.12588838209621
0.25	-2.55	-2.11698444201033
0.25	-2.54	-2.10806148470581
0.25	-2.53	-2.09911955788214
0.25	-2.52	-2.09015872241685
0.25	-2.51	-2.08117905233032
0.25	-2.5	-2.07218063472913
0.25	-2.49	-2.06316356972803
0.25	-2.48	-2.05412797035032
0.25	-2.47	-2.0450739624067
0.25	-2.46	-2.03600168435266
0.25	-2.45	-2.0269112871246
0.25	-2.44	-2.01780293395472
0.25	-2.43	-2.00867680016507
0.25	-2.42	-1.99953307294094
0.25	-2.41	-2.26170464738583
0.25	-2.4	-2.25208814581999
0.25	-2.39	-2.24246335218902
0.25	-2.38	-2.23283039800604
0.25	-2.37	-2.22318941872829
0.25	-2.36	-2.21354055359861
0.25	-2.35	-2.20388394548095
0.25	-2.34	-2.19421974069029
0.25	-2.33	-2.18454808881724
0.25	-2.32	-2.17486914254755
0.25	-2.31	-2.16518305747688
0.25	-2.3	-2.15548999192114
0.25	-2.29	-2.14579010672285
0.25	-2.28	-2.13608356505361
0.25	-2.27	-2.12637053221327
0.25	-2.26	-2.11665117542616
0.25	-2.25	-2.10692566363455
0.25	-2.24	-2.09719416728998
0.25	-2.23	-2.08745685814271
0.25	-2.22	-2.07771390902973
0.25	-2.21	-2.06796549366175
0.25	-2.2	-2.05821178640958
0.25	-2.19	-2.04845296209027
0.25	-2.18	-2.03868919575354
0.25	-2.17	-2.02892066246878
0.25	-2.16	-2.01914753711323
0.25	-2.15	-2.00936999416151
0.25	-2.14	-1.99958820747719
0.25	-2.13	-1.98980235010662
0.25	-2.12	-1.98001259407557
0.25	-2.11	-1.97021911018896
0.25	-2.1	-1.96042206783419
0.25	-2.09	-1.95062163478849
0.25	-2.08	-1.94081797703046
0.25	-2.07	-1.93101125855655
0.25	-2.06	-1.92120164120246
0.25	-2.05	-1.9113892844701
0.25	-2.04	-1.90157434536028
0.25	-2.03	-1.89175697821164
0.25	-2.02	-1.88193733454586
0.25	-2.01	-1.87211556291981
0.25	-2	-1.86229180878455
0.25	-1.99	-1.85246621435177
0.25	-1.98	-1.84263891846767
0.25	-1.97	-1.83281005649471
0.25	-1.96	-1.82297976020123
0.25	-1.95	-1.81314815765932
0.25	-1.94	-1.80331537315104
0.25	-1.93	-1.79348152708299
0.25	-1.92	-1.78364673590967
0.25	-1.91	-1.77381111206533
0.25	-1.9	-1.7639747639048
0.25	-1.89	-1.75413779565296
0.25	-1.88	-1.74430030736316
0.25	-1.87	-1.7344623948845
0.25	-1.86	-1.72462414983789
0.25	-1.85	-1.71478565960091
0.25	-1.84	-1.70494700730138
0.25	-1.83	-1.69510827181959
0.25	-1.82	-1.68526952779897
0.25	-1.81	-1.67543084566517
0.25	-1.8	-1.66559229165326
0.25	-1.79	-1.65575392784304
0.25	-1.78	-1.64591581220202
0.25	-1.77	-1.63607799863607
0.25	-1.76	-1.6262405370473
0.25	-1.75	-1.61640347339904
0.25	-1.74	-1.60656684978749
0.25	-1.73	-1.59673070451987
0.25	-1.72	-1.58689507219867
0.25	-1.71	-1.57705998381162
0.25	-1.7	-1.56722546682712
0.25	-1.69	-1.55739154529473
0.25	-1.68	-1.54755823995025
0.25	-1.67	-1.53772556832514
0.25	-1.66	-1.52789354485981
0.25	-1.65	-1.51806218102034
0.25	-1.64	-1.50823148541827
0.25	-1.63	-1.49840146393308
0.25	-1.62	-1.48857211983684
0.25	-1.61	-1.47874345392064
0.25	-1.6	-1.46891546462255
0.25	-1.59	-1.45908814815636
0.25	-1.58	-1.44926149864105
0.25	-1.57	-1.43943550823033
0.25	-1.56	-1.42961016724195
0.25	-1.55	-1.41978546428647
0.25	-1.54	-1.40996138639491
0.25	-1.53	-1.40013791914514
0.25	-1.52	-1.39031504678648
0.25	-1.51	-1.3804927523623
0.25	-1.5	-1.37067101783024
0.25	-1.49	-1.36084982417976
0.25	-1.48	-1.35102915154667
0.25	-1.47	-1.34120897932456
0.25	-1.46	-1.33138928627265
0.25	-1.45	-1.32157005061998
0.25	-1.44	-1.31175125016573
0.25	-1.43	-1.30193286237544
0.25	-1.42	-1.29211486447297
0.25	-1.41	-1.28229723352813
0.25	-1.4	-1.27247994653978
0.25	-1.39	-1.26266298051435
0.25	-1.38	-1.25284631253975
0.25	-1.37	-1.24302991985451
0.25	-1.36	-1.23321377991224
0.25	-1.35	-1.22339787044139
0.25	-1.34	-1.21358216950018
0.25	-1.33	-1.20376665552696
0.25	-1.32	-1.19395130738592
0.25	-1.31	-1.18413610440819
0.25	-1.3	-1.17432102642852
0.25	-1.29	-1.16450605381764
0.25	-1.28	-1.15469116751028
0.25	-1.27	-1.14487634902917
0.25	-1.26	-1.13506158050505
0.25	-1.25	-1.12524684469292
0.25	-1.24	-1.11543212498455
0.25	-1.23	-1.10561740541768
0.25	-1.22	-1.09580267068185
0.25	-1.21	-1.08598790612118
0.25	-1.2	-1.07617309773424
0.25	-1.19	-1.06635823217125
0.25	-1.18	-1.0565432967288
0.25	-1.17	-1.04672827934225
0.25	-1.16	-1.03691316857603
0.25	-1.15	-1.02709795361204
0.25	-1.14	-1.01728262423644
0.25	-1.13	-1.00746717082475
0.25	-1.12	-0.997651584325831
0.25	-1.11	-0.987835856244538
0.25	-1.1	-0.978019978623542
0.25	-1.09	-0.96820394402428
0.25	-1.08	-0.95838774550728
0.25	-1.07	-0.948571376612004
0.25	-1.06	-0.938754831336342
0.25	-1.05	-0.92893810411589
0.25	-1.04	-0.919121189803158
0.25	-1.03	-0.909304083646793
0.25	-1.02	-0.899486781270951
0.25	-1.01	-0.889669278654902
0.25	-1	-0.879851572112954
0.25	-0.99	-0.870033658274794
0.25	-0.98	-0.860215534066274
0.25	-0.97	-0.850397196690758
0.25	-0.96	-0.840578643611036
0.25	-0.95	-0.830759872531868
0.25	-0.94	-0.820940881383194
0.25	-0.93	-0.811121668304041
0.25	-0.92	-0.801302231627134
0.25	-0.91	-0.791482569864237
0.25	-0.9	-0.781662681692236
0.25	-0.89	-0.771842565939954
0.25	-0.88	-0.762022221575709
0.25	-0.87	-0.7522016476956
0.25	-0.86	-0.742380843512504
0.25	-0.85	-0.732559808345794
0.25	-0.84	-0.722738541611724
0.25	-0.83	-0.712917042814494
0.25	-0.82	-0.703095311537949
0.25	-0.81	-0.693273347437899
0.25	-0.8	-0.683451150235023
0.25	-0.79	-0.67362871970835
0.25	-0.78	-0.663806055689257
0.25	-0.77	-0.653983158055986
0.25	-0.76	-0.644160026728632
0.25	-0.75	-0.634336661664577
0.25	-0.74	-0.624513062854348
0.25	-0.73	-0.614689230317861
0.25	-0.72	-0.604865164101025
0.25	-0.71	-0.595040864272693
0.25	-0.7	-0.585216330921909
0.25	-0.69	-0.575391564155452
0.25	-0.68	-0.565566564095634
0.25	-0.67	-0.555741330878341
0.25	-0.66	-0.545915864651291
0.25	-0.65	-0.536090165572488
0.25	-0.64	-0.526264233808862
0.25	-0.63	-0.516438069535058
0.25	-0.62	-0.506611672932389
0.25	-0.61	-0.496785044187895
0.25	-0.6	-0.486958183493545
0.25	-0.59	-0.477131091045523
0.25	-0.58	-0.467303767043619
0.25	-0.57	-0.45747621169069
0.25	-0.56	-0.447648425192207
0.25	-0.55	-0.437820407755853
0.25	-0.54	-0.427992159591186
0.25	-0.53	-0.418163680909344
0.25	-0.52	-0.4083349719228
0.25	-0.51	-0.398506032845143
0.25	-0.5	-0.388676863890903
0.25	-0.49	-0.378847465275396
0.25	-0.48	-0.369017837214596
0.25	-0.47	-0.359187979925022
0.25	-0.46	-0.349357893623655
0.25	-0.45	-0.339527578527854
0.25	-0.44	-0.329697034855295
0.25	-0.43	-0.319866262823918
0.25	-0.42	-0.310035262651883
0.25	-0.41	-0.300204034557534
0.25	-0.4	-0.290372578759369
0.25	-0.39	-0.280540895476012
0.25	-0.38	-0.270708984926196
0.25	-0.37	-0.260876847328747
0.25	-0.36	-0.251044482902564
0.25	-0.35	-0.241211891866618
0.25	-0.34	-0.231379074439932
0.25	-0.33	-0.221546030841583
0.25	-0.32	-0.211712761290686
0.25	-0.31	-0.201879266006399
0.25	-0.3	-0.192045545207912
0.25	-0.29	-0.182211599114448
0.25	-0.28	-0.172377427945253
0.25	-0.27	-0.162543031919604
0.25	-0.26	-0.152708411256796
0.25	-0.25	-0.142873566176152
0.25	-0.24	-0.133038496897008
0.25	-0.23	-0.123203203638725
0.25	-0.22	-0.113367686620678
0.25	-0.21	-0.10353194606226
0.25	-0.2	-0.0936959821828802
0.25	-0.19	-0.0838597952019605
0.25	-0.18	-0.0740233853389389
0.25	-0.17	-0.0641867528132643
0.25	-0.16	-0.054349897844401
0.25	-0.15	-0.0445128206518212
0.25	-0.14	-0.03467552145501
0.25	-0.13	-0.0248380004734624
0.25	-0.12	-0.0150002579266824
0.25	-0.11	-0.0051622940341828
0.25	-0.1	0.0046758909845157
0.25	-0.0899999999999999	0.0145142969098847
0.25	-0.0800000000000001	0.0243529235223895
0.25	-0.0699999999999998	0.0341917706024911
0.25	-0.0600000000000001	0.0440308379306418
0.25	-0.0499999999999998	0.0538701252872927
0.25	-0.04	0.0637096324528886
0.25	-0.0299999999999998	0.0735493592078733
0.25	-0.02	0.0833893053326857
0.25	-0.00999999999999979	0.0932294706077651
0.25	0	0.103069854813548
0.25	0.0100000000000002	0.112910457730471
0.25	0.02	0.12275127913897
0.25	0.0300000000000002	0.132592318819484
0.25	0.04	0.14243357655245
0.25	0.0500000000000003	0.152275052118311
0.25	0.0600000000000001	0.162116745297509
0.25	0.0700000000000003	0.171958655870493
0.25	0.0800000000000001	0.181800783617713
0.25	0.0899999999999999	0.191643128319625
0.25	0.1	0.201485689756691
0.25	0.11	0.211328467709378
0.25	0.12	0.221171461958161
0.25	0.13	0.231014672283521
0.25	0.14	0.240858098465948
0.25	0.15	0.250701740285939
0.25	0.16	0.260545597524003
0.25	0.17	0.270389669960656
0.25	0.18	0.280233957376427
0.25	0.19	0.290078459551855
0.25	0.2	0.299923176267491
0.25	0.21	0.309768107303897
0.25	0.22	0.319613252441652
0.25	0.23	0.329458611461346
0.25	0.24	0.339304184143582
0.25	0.25	0.349149970268982
0.25	0.26	0.358995969618181
0.25	0.27	0.36884218197183
0.25	0.28	0.378688607110598
0.25	0.29	0.388535244815172
0.25	0.3	0.398382094866256
0.25	0.31	0.408229157044573
0.25	0.32	0.418076431130866
0.25	0.33	0.427923916905898
0.25	0.34	0.437771614150451
0.25	0.35	0.447619522645332
0.25	0.36	0.457467642171366
0.25	0.37	0.467315972509403
0.25	0.38	0.477164513440314
0.25	0.39	0.487013264744996
0.25	0.4	0.496862226204369
0.25	0.41	0.506711397599379
0.25	0.42	0.516560778710995
0.25	0.43	0.526410369320217
0.25	0.44	0.536260169208066
0.25	0.45	0.546110178155596
0.25	0.46	0.555960395943884
0.25	0.47	0.565810822354039
0.25	0.48	0.575661457167197
0.25	0.49	0.585512300164527
0.25	0.5	0.595363351127224
0.25	0.51	0.605214609836518
0.25	0.52	0.615066076073668
0.25	0.53	0.624917749619967
0.25	0.54	0.634769630256739
0.25	0.55	0.644621717765343
0.25	0.56	0.65447401192717
0.25	0.57	0.664326512523647
0.25	0.58	0.674179219336237
0.25	0.59	0.684032132146437
0.25	0.6	0.693885250735781
0.25	0.61	0.70373857488584
0.25	0.62	0.713592104378222
0.25	0.63	0.723445838994573
0.25	0.64	0.733299778516579
0.25	0.65	0.743153922725963
0.25	0.66	0.75300827140449
0.25	0.67	0.762862824333963
0.25	0.68	0.772717581296229
0.25	0.69	0.782572542073173
0.25	0.7	0.792427706446725
0.25	0.71	0.802283074198857
0.25	0.72	0.812138645111582
0.25	0.73	0.821994418966959
0.25	0.74	0.831850395547091
0.25	0.75	0.841706574634125
0.25	0.76	0.851562956010256
0.25	0.77	0.861419539457721
0.25	0.78	0.871276324758807
0.25	0.79	0.881133311695846
0.25	0.8	0.890990500051219
0.25	0.81	0.900847889607355
0.25	0.82	0.910705480146731
0.25	0.83	0.920563271451874
0.25	0.84	0.930421263305361
0.25	0.85	0.94027945548982
0.25	0.86	0.950137847787928
0.25	0.87	0.959996439982415
0.25	0.88	0.969855231856063
0.25	0.89	0.979714223191708
0.25	0.9	0.989573413772235
0.25	0.91	0.999432803380587
0.25	0.92	1.00929239179976
0.25	0.93	1.0191521788128
0.25	0.94	1.02901216420282
0.25	0.95	1.03887234775298
0.25	0.96	1.04873272924649
0.25	0.97	1.05859330846664
0.25	0.98	1.06845408519674
0.25	0.99	1.07831505922021
0.25	1	1.08817623032047
0.5	-3	-2.50026214766662
0.5	-2.99	-2.49206655583385
0.5	-2.98	-2.48386039314137
0.5	-2.97	-2.47564332937634
0.5	-2.96	-2.46741503604806
0.5	-2.95	-2.45917518671114
0.5	-2.94	-2.45092345729439
0.5	-2.93	-2.4426595264353
0.5	-2.92	-2.43438307581941
0.5	-2.91	-2.42609379052434
0.5	-2.9	-2.41779135936775
0.5	-2.89	-2.40947547525898
0.5	-2.88	-2.40114583555348
0.5	-2.87	-2.39280214240977
0.5	-2.86	-2.3844441031482
0.5	-2.85	-2.37607143061075
0.5	-2.84	-2.36768384352146
0.5	-2.83	-2.35928106684664
0.5	-2.82	-2.35086283215424
0.5	-2.81	-2.34242887797154
0.5	-2.8	-2.33397895014065
0.5	-2.79	-2.32551280217084
0.5	-2.78	-2.31703019558699
0.5	-2.77	-2.30853090027352
0.5	-2.76	-2.30001469481275
0.5	-2.75	-2.29148136681707
0.5	-2.74	-2.28293071325416
0.5	-2.73	-2.27436254076413
0.5	-2.72	-2.26577666596823
0.5	-2.71	-2.25717291576785
0.5	-2.7	-2.24855112763332
0.5	-2.69	-2.23991114988164
0.5	-2.68	-2.23125284194215
0.5	-2.67	-2.22257607460967
0.5	-2.66	-2.21388073028409
0.5	-2.65	-2.20516670319577
0.5	-2.64	-2.19643389961602
0.5	-2.63	-2.18768223805196
0.5	-2.62	-2.17891164942497
0.5	-2.61	-2.17012207723233
0.5	-2.6	-2.16131347769115
0.5	-2.59	-2.1524858198642
0.5	-2.58	-2.14363908576703
0.5	-2.57	-2.13477327045593
0.5	-2.56	-2.12588838209621
0.5	-2.55	-2.11698444201033
0.5	-2.54	-2.10806148470581
0.5	-2.53	-2.09911955788214
0.5	-2.52	-2.09015872241685
0.5	-2.51	-2.08117905233032
0.5	-2.5	-2.07218063472913
0.5	-2.49	-2.06316356972803
0.5	-2.48	-2.05412797035032
0.5	-2.47	-2.0450739624067
0.5	-2.46	-2.03600168435266
0.5	-2.45	-2.0269112871246
0.5	-2.44	-2.01780293395472
0.5	-2.43	-2.00867680016507
0.5	-2.42	-1.99953307294094
0.5	-2.41	-2.15136077015791
0.5	-2.4	-2.14195582291363
0.5	-2.39	-2.13253829012923
0.5	-2.38	-2.12310835818487
0.5	-2.37	-2.11366622030796
0.5	-2.36	-2.10421207632425
0.5	-2.35	-2.09474613239825
0.5	-2.34	-2.08526860076361
0.5	-2.33	-2.07577969944384
0.5	-2.32	-2.06627965196402
0.5	-2.31	-2.05676868705384
0.5	-2.3	-2.04724703834282
0.5	-2.29	-2.03771494404802
0.5	-2.28	-2.02817264665507
0.5	-2.27	-2.01862039259302
0.5	-2.26	-2.00905843190373
0.5	-2.25	-1.9994870179064
0.5	-2.24	-1.98990640685801
0.5	-2.23	-1.98031685761024
0.5	-2.22	-1.97071863126368
0.5	-2.21	-1.96111199081999
0.5	-2.2	-1.95149720083267
0.5	-2.19	-1.94187452705729
0.5	-2.18	-1.93224423610174
0.5	-2.17	-1.92260659507739
0.5	-2.16	-1.91296187125171
0.5	-2.15	-1.9033103317032
0.5	-2.14	-1.89365224297926
0.5	-2.13	-1.88398787075775
0.5	-2.12	-1.87431747951291
0.5	-2.11	-1.86464133218629
0.5	-2.1	-1.85495968986351
0.5	-2.09	-1.84527281145722
0.5	-2.08	-1.83558095339727
0.5	-2.07	-1.82588436932835
0.5	-2.06	-1.81618330981594
0.5	-2.05	-1.80647802206112
0.5	-2.04	-1.79676874962465
0.5	-2.03	-1.78705573216106
0.5	-2.02	-1.77733920516308
0.5	-2.01	-1.767619399717
0.5	-2	-1.75789654226938
0.5	-1.99	-1.74817085440551
0.5	-1.98	-1.73844255264003
0.5	-1.97	-1.72871184822007
0.5	-1.96	-1.71897894694126
0.5	-1.95	-1.70924404897677
0.5	-1.94	-1.69950734871989
0.5	-1.93	-1.6897690346401
0.5	-1.92	-1.68002928915297
0.5	-1.91	-1.67028828850399
0.5	-1.9	-1.6605462026665
0.5	-1.89	-1.65080319525366
0.5	-1.88	-1.64105942344465
0.5	-1.87	-1.63131503792495
0.5	-1.86	-1.62157018284082
0.5	-1.85	-1.61182499576772
0.5	-1.84	-1.60207960769274
0.5	-1.83	-1.59233414301066
0.5	-1.82	-1.5825887195337
0.5	-1.81	-1.57284344851457
0.5	-1.8	-1.56309843468251
0.5	-1.79	-1.55335377629227
0.5	-1.78	-1.54360956518535
0.5	-1.77	-1.53386588686345
0.5	-1.76	-1.52412282057354
0.5	-1.75	-1.51438043940414
0.5	-1.74	-1.50463881039252
0.5	-1.73	-1.49489799464203
0.5	-1.72	-1.48515804744942
0.5	-1.71	-1.47541901844123
0.5	-1.7	-1.46568095171902
0.5	-1.69	-1.45594388601271
0.5	-1.68	-1.44620785484143
0.5	-1.67	-1.43647288668125
0.5	-1.66	-1.42673900513937
0.5	-1.65	-1.41700622913378
0.5	-1.64	-1.40727457307811
0.5	-1.63	-1.39754404707078
0.5	-1.62	-1.38781465708786
0.5	-1.61	-1.37808640517906
0.5	-1.6	-1.36835928966609
0.5	-1.59	-1.3586333053428
0.5	-1.58	-1.34890844367645
0.5	-1.57	-1.33918469300943
0.5	-1.56	-1.32946203876094
0.5	-1.55	-1.31974046362778
0.5	-1.54	-1.31001994778394
0.5	-1.53	-1.3003004690782
0.5	-1.52	-1.29058200322925
0.5	-1.51	-1.28086452401786
0.5	-1.5	-1.2711480034755
0.5	-1.49	-1.26143241206893
0.5	-1.48	-1.25171771888045
0.5	-1.47	-1.24200389178312
0.5	-1.46	-1.23229089761083
0.5	-1.45	-1.22257870232268
0.5	-1.44	-1.21286727116144
0.5	-1.43	-1.20315656880562
0.5	-1.42	-1.19344655951521
0.5	-1.41	-1.18373720727052
0.5	-1.4	-1.17402847590408
0.5	-1.39	-1.16432032922557
0.5	-1.38	-1.15461273113935
0.5	-1.37	-1.14490564575479
0.5	-1.36	-1.13519903748924
0.5	-1.35	-1.12549287116351
0.5	-1.34	-1.11578711209012
0.5	-1.33	-1.10608172615411
0.5	-1.32	-1.09637667988664
0.5	-1.31	-1.08667194053141
0.5	-1.3	-1.07696747610413
0.5	-1.29	-1.06726325544503
0.5	-1.28	-1.05755924826473
0.5	-1.27	-1.04785542518365
0.5	-1.26	-1.03815175776512
0.5	-1.25	-1.02844821854248
0.5	-1.24	-1.01874478104043
0.5	-1.23	-1.00904141979086
0.5	-1.22	-0.999338110343527
0.5	-1.21	-0.98963482927176
0.5	-1.2	-0.979931554173566
0.5	-1.19	-0.970228263668447
0.5	-1.18	-0.960524937390204
0.5	-1.17	-0.950821555976066
0.5	-1.16	-0.941118101052428
0.5	-1.15	-0.931414555217552
0.5	-1.14	-0.921710902021498
0.5	-1.13	-0.912007125943596
0.5	-1.12	-0.902303212367773
0.5	-1.11	-0.892599147556001
0.5	-1.1	-0.882894918620138
0.5	-1.09	-0.873190513492457
0.5	-1.08	-0.86348592089509
0.5	-1.07	-0.853781130308638
0.5	-1.06	-0.844076131940184
0.5	-1.05	-0.834370916690911
0.5	-1.04	-0.824665476123543
0.5	-1.03	-0.814959802429773
0.5	-1.02	-0.805253888397871
0.5	-1.01	-0.795547727380626
0.5	-1	-0.785841313263736
0.5	-0.99	-0.776134640434832
0.5	-0.98	-0.766427703753178
0.5	-0.97	-0.756720498520201
0.5	-0.96	-0.747013020450916
0.5	-0.95	-0.73730526564631
0.5	-0.94	-0.727597230566758
0.5	-0.93	-0.71788891200652
0.5	-0.92	-0.708180307069336
0.5	-0.91	-0.698471413145168
0.5	-0.9	-0.688762227888091
0.5	-0.89	-0.679052749195343
0.5	-0.88	-0.669342975187533
0.5	-0.87	-0.659632904190001
0.5	-0.86	-0.649922534715304
0.5	-0.85	-0.640211865446818
0.5	-0.84	-0.630500895223424
0.5	-0.83	-0.620789623025242
0.5	-0.82	-0.611078047960391
0.5	-0.81	-0.601366169252713
0.5	-0.8	-0.591653986230444
0.5	-0.79	-0.581941498315784
0.5	-0.78	-0.572228705015303
0.5	-0.77	-0.562515605911157
0.5	-0.76	-0.552802200653072
0.5	-0.75	-0.543088488951022
0.5	-0.74	-0.533374470568593
0.5	-0.73	-0.52366014531696
0.5	-0.72	-0.513945513049442
0.5	-0.71	-0.504230573656599
0.5	-0.7	-0.494515327061825
0.5	-0.69	-0.484799773217388
0.5	-0.68	-0.475083912100902
0.5	-0.67	-0.465367743712175
0.5	-0.66	-0.455651268070401
0.5	-0.65	-0.445934485211681
0.5	-0.64	-0.436217395186828
0.5	-0.63	-0.426499998059419
0.5	-0.62	-0.416782293904105
0.5	-0.61	-0.407064282805103
0.5	-0.6	-0.397345964854899
0.5	-0.59	-0.387627340153102
0.5	-0.58	-0.377908408805459
0.5	-0.57	-0.368189170922993
0.5	-0.56	-0.358469626621259
0.5	-0.55	-0.348749776019704
0.5	-0.54	-0.339029619241121
0.5	-0.53	-0.32930915641117
0.5	-0.52	-0.319588387657984
0.5	-0.51	-0.309867313111816
0.5	-0.5	-0.300145932904752
0.5	-0.49	-0.290424247170465
0.5	-0.48	-0.280702256044005
0.5	-0.47	-0.270979959661622
0.5	-0.46	-0.261257358160618
0.5	-0.45	-0.25153445167923
0.5	-0.44	-0.241811240356517
0.5	-0.43	-0.23208772433228
0.5	-0.42	-0.222363903746992
0.5	-0.41	-0.212639778741737
0.5	-0.4	-0.20291534945816
0.5	-0.39	-0.193190616038431
0.5	-0.38	-0.183465578625206
0.5	-0.37	-0.17374023736161
0.5	-0.36	-0.164014592391202
0.5	-0.35	-0.154288643857971
0.5	-0.34	-0.144562391906309
0.5	-0.33	-0.134835836681009
0.5	-0.32	-0.125108978327247
0.5	-0.31	-0.115381816990582
0.5	-0.3	-0.105654352816943
0.5	-0.29	-0.0959265859526293
0.5	-0.28	-0.0861985165442998
0.5	-0.27	-0.0764701447389758
0.5	-0.26	-0.0667414706840337
0.5	-0.25	-0.0570124945272063
0.5	-0.24	-0.047283216416575
0.5	-0.23	-0.037553636500576
0.5	-0.22	-0.0278237549279907
0.5	-0.21	-0.0180935718479496
0.5	-0.2	-0.00836308740992781
0.5	-0.19	0.00136769823625336
0.5	-0.18	0.0110987849404283
0.5	-0.17	0.0208301725520903
0.5	-0.16	0.0305618609203871
0.5	-0.15	0.0402938498941305
0.5	-0.14	0.0500261393217889
0.5	-0.13	0.0597587290514914
0.5	-0.12	0.0694916189310297
0.5	-0.11	0.0792248088078568
0.5	-0.1	0.0889582985290904
0.5	-0.0899999999999999	0.0986920879415101
0.5	-0.0800000000000001	0.108426176891562
0.5	-0.0699999999999998	0.11816056522536
0.5	-0.0600000000000001	0.127895252788679
0.5	-0.0499999999999998	0.137630239426965
0.5	-0.04	0.147365524985331
0.5	-0.0299999999999998	0.157101109308561
0.5	-0.02	0.166836992241106
0.5	-0.00999999999999979	0.176573173627088
0.5	0	0.186309653310301
0.5	0.0100000000000002	0.196046431134213
0.5	0.02	0.20578350694196
0.5	0.0300000000000002	0.215520880576358
0.5	0.04	0.225258551879893
0.5	0.0500000000000003	0.23499652069473
0.5	0.0600000000000001	0.244734786862705
0.5	0.0700000000000003	0.254473350225338
0.5	0.0800000000000001	0.264212210623821
0.5	0.0899999999999999	0.273951367899029
0.5	0.1	0.283690821891514
0.5	0.11	0.293430572441509
0.5	0.12	0.303170619388929
0.5	0.13	0.31291096257337
0.5	0.14	0.322651601834112
0.5	0.15	0.332392537010118
0.5	0.16	0.342133767940036
0.5	0.17	0.351875294462197
0.5	0.18	0.361617116414623
0.5	0.19	0.371359233635019
0.5	0.2	0.38110164596078
0.5	0.21	0.390844353228988
0.5	0.22	0.400587355276416
0.5	0.23	0.410330651939526
0.5	0.24	0.420074243054474
0.5	0.25	0.429818128457104
0.5	0.26	0.439562307982957
0.5	0.27	0.449306781467265
0.5	0.28	0.459051548744955
0.5	0.29	0.46879660965065
0.5	0.3	0.47854196401867
0.5	0.31	0.48828761168303
0.5	0.32	0.498033552477446
0.5	0.33	0.507779786235328
0.5	0.34	0.517526312789791
0.5	0.35	0.527273131973648
0.5	0.36	0.537020243619412
0.5	0.37	0.546767647559302
0.5	0.38	0.556515343625235
0.5	0.39	0.566263331648836
0.5	0.4	0.576011611461433
0.5	0.41	0.585760182894061
0.5	0.42	0.595509045777458
0.5	0.43	0.605258199942074
0.5	0.44	0.615007645218063
0.5	0.45	0.624757381435291
0.5	0.46	0.634507408423332
0.5	0.47	0.644257726011471
0.5	0.48	0.654008334028705
0.5	0.49	0.663759232303744
0.5	0.5	0.67351042066501
0.5	0.51	0.683261898940639
0.5	0.52	0.693013666958484
0.5	0.53	0.702765724546111
0.5	0.54	0.712518071530806
0.5	0.55	0.722270707739569
0.5	0.56	0.732023632999121
0.5	0.57	0.741776847135902
0.5	0.58	0.75153034997607
0.5	0.59	0.761284141345507
0.5	0.6	0.771038221069815
0.5	0.61	0.780792588974319
0.5	0.62	0.790547244884069
0.5	0.63	0.800302188623837
0.5	0.64	0.810057420018122
0.5	0.65	0.819812938891148
0.5	0.66	0.829568745066868
0.5	0.67	0.839324838368961
0.5	0.68	0.849081218620836
0.5	0.69	0.858837885645631
0.5	0.7	0.868594839266215
0.5	0.71	0.878352079305188
0.5	0.72	0.888109605584881
0.5	0.73	0.897867417927361
0.5	0.74	0.907625516154428
0.5	0.75	0.917383900087614
0.5	0.76	0.927142569548191
0.5	0.77	0.936901524357165
0.5	0.78	0.946660764335281
0.5	0.79	0.95642028930302
0.5	0.8	0.966180099080604
0.5	0.81	0.975940193487996
0.5	0.82	0.985700572344897
0.5	0.83	0.995461235470753
0.5	0.84	1.00522218268475
0.5	0.85	1.01498341380582
0.5	0.86	1.02474492865264
0.5	0.87	1.03450672704363
0.5	0.88	1.04426880879695
0.5	0.89	1.05403117373052
0.5	0.9	1.063793821662
0.5	0.91	1.07355675240881
0.5	0.92	1.0833199657881
0.5	0.93	1.09308346161678
0.5	0.94	1.10284723971151
0.5	0.95	1.11261129988872
0.5	0.96	1.12237564196457
0.5	0.97	1.13214026575497
0.5	0.98	1.14190517107562
0.5	0.99	1.15167035774193
0.5	1	1.1614358255691
0.75	-3	-2.50026214766662
0.75	-2.99	-2.49206655583385
0.75	-2.98	-2.48386039314137
0.75	-2.97	-2.47564332937634
0.75	-2.96	-2.46741503604806
0.75	-2.95	-2.45917518671114
0.75	-2.94	-2.45092345729439
0.75	-2.93	-2.4426595264353
0.75	-2.92	-2.43438307581941
0.75	-2.91	-2.42609379052434
0.75	-2.9	-2.41779135936775
0.75	-2.89	-2.40947547525898
0.75	-2.88	-2.40114583555348
0.75	-2.87	-2.39280214240977
0.75	-2.86	-2.3844441031482
0.75	-2.85	-2.37607143061075
0.75	-2.84	-2.36768384352146
0.75	-2.83	-2.35928106684664
0.75	-2.82	-2.35086283215424
0.75	-2.81	-2.34242887797154
0.75	-2.8	-2.33397895014065
0.75	-2.79	-2.32551280217084
0.75	-2.78	-2.31703019558699
0.75	-2.77	-2.30853090027352
0.75	-2.76	-2.30001469481275
0.75	-2.75	-2.29148136681707
0.75	-2.74	-2.28293071325416
0.75	-2.73	-2.27436254076413
0.75	-2.72	-2.26577666596823
0.75	-2.71	-2.25717291576785
0.75	-2.7	-2.24855112763332
0.75	-2.69	-2.23991114988164
0.75	-2.68	-2.23125284194215
0.75	-2.67	-2.22257607460967
0.75	-2.66	-2.21388073028409
0.75	-2.65	-2.20516670319577
0.75	-2.64	-2.19643389961602
0.75	-2.63	-2.18768223805196
0.75	-2.62	-2.17891164942497
0.75	-2.61	-2.17012207723233
0.75	-2.6	-2.16131347769115
0.75	-2.59	-2.1524858198642
0.75	-2.58	-2.14363908576703
0.75	-2.57	-2.13477327045593
0.75	-2.56	-2.12588838209621
0.75	-2.55	-2.11698444201033
0.75	-2.54	-2.10806148470581
0.75	-2.53	-2.09911955788214
0.75	-2.52	-2.09015872241685
0.75	-2.51	-2.08117905233032
0.75	-2.5	-2.07218063472913
0.75	-2.49	-2.06316356972803
0.75	-2.48	-2.05412797035032
0.75	-2.47	-2.0450739624067
0.75	-2.46	-2.03600168435266
0.75	-2.45	-2.0269112871246
0.75	-2.44	-2.01780293395472
0.75	-2.43	-2.00867680016507
0.75	-2.42	-1.99953307294094
0.75	-2.41	-2.06344905599207
0.75	-2.4	-2.05417818106822
0.75	-2.39	-2.04489210314876
0.75	-2.38	-2.03559103719294
0.75	-2.37	-2.02627520707512
0.75	-2.36	-2.01694484528052
0.75	-2.35	-2.0076001925867
0.75	-2.34	-1.99824149773162
0.75	-2.33	-1.98886901706864
0.75	-2.32	-1.97948301420939
0.75	-2.31	-1.97008375965507
0.75	-2.3	-1.96067153041704
0.75	-2.29	-1.95124660962743
0.75	-2.28	-1.94180928614051
0.75	-2.27	-1.93235985412584
0.75	-2.26	-1.92289861265382
0.75	-2.25	-1.91342586527473
0.75	-2.24	-1.90394191959197
0.75	-2.23	-1.89444708683053
0.75	-2.22	-1.88494168140156
0.75	-2.21	-1.87542602046394
0.75	-2.2	-1.86590042348387
0.75	-2.19	-1.85636521179326
0.75	-2.18	-1.84682070814807
0.75	-2.17	-1.83726723628736
0.75	-2.16	-1.82770512049404
0.75	-2.15	-1.81813468515829
0.75	-2.14	-1.80855625434454
0.75	-2.13	-1.79897015136284
0.75	-2.12	-1.78937669834571
0.75	-2.11	-1.77977621583111
0.75	-2.1	-1.77016902235255
0.75	-2.09	-1.76055543403714
0.75	-2.08	-1.75093576421239
0.75	-2.07	-1.74131032302248
0.75	-2.06	-1.73167941705496
0.75	-2.05	-1.72204334897838
0.75	-2.04	-1.7124024171917
0.75	-2.03	-1.7027569154861
0.75	-2.02	-1.69310713271989
0.75	-2.01	-1.68345335250701
0.75	-2	-1.67379585291979
0.75	-1.99	-1.66413490620641
0.75	-1.98	-1.65447077852365
0.75	-1.97	-1.64480372968529
0.75	-1.96	-1.6351340129265
0.75	-1.95	-1.62546187468484
0.75	-1.94	-1.61578755439782
0.75	-1.93	-1.60611128431762
0.75	-1.92	-1.59643328934297
0.75	-1.91	-1.58675378686848
0.75	-1.9	-1.57707298665152
0.75	-1.89	-1.56739109069671
0.75	-1.88	-1.55770829315813
0.75	-1.87	-1.54802478025913
0.75	-1.86	-1.53834073022981
0.75	-1.85	-1.52865631326194
0.75	-1.84	-1.51897169148131
0.75	-1.83	-1.50928701893711
0.75	-1.82	-1.4996024416084
0.75	-1.81	-1.48991809742701
0.75	-1.8	-1.48023411631693
0.75	-1.79	-1.47055062024948
0.75	-1.78	-1.4608677233141
0.75	-1.77	-1.45118553180412
0.75	-1.76	-1.44150414431715
0.75	-1.75	-1.43182365186952
0.75	-1.74	-1.42214413802414
0.75	-1.73	-1.4124656790313
0.75	-1.72	-1.40278834398169
0.75	-1.71	-1.39311219497103
0.75	-1.7	-1.38343728727561
0.75	-1.69	-1.37376366953798
0.75	-1.68	-1.36409138396221
0.75	-1.67	-1.35442046651781
0.75	-1.66	-1.34475094715154
0.75	-1.65	-1.33508285000658
0.75	-1.64	-1.32541619364785
0.75	-1.63	-1.31575099129312
0.75	-1.62	-1.30608725104874
0.75	-1.61	-1.29642497614947
0.75	-1.6	-1.28676416520136
0.75	-1.59	-1.27710481242713
0.75	-1.58	-1.26744690791296
0.75	-1.57	-1.25779043785623
0.75	-1.56	-1.24813538481318
0.75	-1.55	-1.23848172794583
0.75	-1.54	-1.22882944326751
0.75	-1.53	-1.21917850388613
0.75	-1.52	-1.20952888024457
0.75	-1.51	-1.19988054035762
0.75	-1.5	-1.19023345004462
0.75	-1.49	-1.18058757315745
0.75	-1.48	-1.17094287180312
0.75	-1.47	-1.16129930656046
0.75	-1.46	-1.15165683669052
0.75	-1.45	-1.14201542034007
0.75	-1.44	-1.13237501473793
0.75	-1.43	-1.12273557638362
0.75	-1.42	-1.11309706122811
0.75	-1.41	-1.1034594248463
0.75	-1.4	-1.09382262260103
0.75	-1.39	-1.08418660979844
0.75	-1.38	-1.07455134183438
0.75	-1.37	-1.06491677433196
0.75	-1.36	-1.05528286327001
0.75	-1.35	-1.04564956510241
0.75	-1.34	-1.03601683686848
0.75	-1.33	-1.02638463629419
0.75	-1.32	-1.01675292188451
0.75	-1.31	-1.00712165300696
0.75	-1.3	-0.997490789966366
0.75	-1.29	-0.987860294071269
0.75	-1.28	-0.978230127691951
0.75	-1.27	-0.968600254310476
0.75	-1.26	-0.958970638562957
0.75	-1.25	-0.949341246274349
0.75	-1.24	-0.939712044486088
0.75	-1.23	-0.930083001476879
0.75	-1.22	-0.920454086777025
0.75	-1.21	-0.91082527117661
0.75	-1.2	-0.901196526727928
0.75	-1.19	-0.891567826742536
0.75	-1.18	-0.881939145783293
0.75	-1.17	-0.872310459651809
0.75	-1.16	-0.862681745371625
0.75	-1.15	-0.853052981167582
0.75	-1.14	-0.843424146441696
0.75	-1.13	-0.83379522174595
0.75	-1.12	-0.824166188752348
0.75	-1.11	-0.814537030220599
0.75	-1.1	-0.804907729963758
0.75	-1.09	-0.795278272812182
0.75	-1.08	-0.78564864457609
0.75	-1.07	-0.776018832007042
0.75	-1.06	-0.766388822758635
0.75	-1.05	-0.756758605346649
0.75	-1.04	-0.747128169108944
0.75	-1.03	-0.737497504165299
0.75	-1.02	-0.727866601377428
0.75	-1.01	-0.718235452309371
0.75	-1	-0.708604049188429
0.75	-0.99	-0.698972384866827
0.75	-0.98	-0.689340452784199
0.75	-0.97	-0.679708246931082
0.75	-0.96	-0.670075761813489
0.75	-0.95	-0.660442992418647
0.75	-0.94	-0.65080993418201
0.75	-0.93	-0.641176582955579
0.75	-0.92	-0.631542934977587
0.75	-0.91	-0.621908986843579
0.75	-0.9	-0.61227473547892
0.75	-0.89	-0.602640178112725
0.75	-0.88	-0.593005312253221
0.75	-0.87	-0.583370135664529
0.75	-0.86	-0.573734646344846
0.75	-0.85	-0.564098842506009
0.75	-0.84	-0.554462722554388
0.75	-0.83	-0.544826285073105
0.75	-0.82	-0.535189528805496
0.75	-0.81	-0.5255524526398
0.75	-0.8	-0.515915055595001
0.75	-0.79	-0.506277336807804
0.75	-0.78	-0.496639295520638
0.75	-0.77	-0.487000931070687
0.75	-0.76	-0.477362242879852
0.75	-0.75	-0.467723230445604
0.75	-0.74	-0.458083893332667
0.75	-0.73	-0.448444231165491
0.75	-0.72	-0.438804243621425
0.75	-0.71	-0.429163930424584
0.75	-0.7	-0.419523291340317
0.75	-0.69	-0.409882326170257
0.75	-0.68	-0.40024103474789
0.75	-0.67	-0.3905994169346
0.75	-0.66	-0.380957472616156
0.75	-0.65	-0.371315201699597
0.75	-0.64	-0.361672604110476
0.75	-0.63	-0.352029679790418
0.75	-0.62	-0.342386428694994
0.75	-0.61	-0.332742850791833
0.75	-0.6	-0.323098946058987
0.75	-0.59	-0.313454714483498
0.75	-0.58	-0.303810156060153
0.75	-0.57	-0.294165270790404
0.75	-0.56	-0.284520058681433
0.75	-0.55	-0.274874519745349
0.75	-0.54	-0.265228653998497
0.75	-0.53	-0.25558246146086
0.75	-0.52	-0.245935942155561
0.75	-0.51	-0.236289096108419
0.75	-0.5	-0.226641923347594
0.75	-0.49	-0.216994423903267
0.75	-0.48	-0.207346597807384
0.75	-0.47	-0.19769844509343
0.75	-0.46	-0.18804996579625
0.75	-0.45	-0.178401159951891
0.75	-0.44	-0.168752027597464
0.75	-0.43	-0.159102568771055
0.75	-0.42	-0.149452783511617
0.75	-0.41	-0.139802671858911
0.75	-0.4	-0.130152233853435
0.75	-0.39	-0.120501469536383
0.75	-0.38	-0.110850378949594
0.75	-0.37	-0.101198962135531
0.75	-0.36	-0.0915472191372393
0.75	-0.35	-0.0818951499983405
0.75	-0.34	-0.0722427547630035
0.75	-0.33	-0.0625900334759361
0.75	-0.32	-0.0529369861823645
0.75	-0.31	-0.0432836129280393
0.75	-0.3	-0.0336299137592145
0.75	-0.29	-0.0239758887226491
0.75	-0.28	-0.0143215378655958
0.75	-0.27	-0.00466686123580525
0.75	-0.26	0.00498814111848364
0.75	-0.25	0.0146434691485406
0.75	-0.24	0.0242991228051532
0.75	-0.23	0.0339551020386191
0.75	-0.22	0.0436114067987559
0.75	-0.21	0.0532680370348968
0.75	-0.2	0.0629249926958955
0.75	-0.19	0.0725822737301231
0.75	-0.18	0.0822398800854697
0.75	-0.17	0.0918978117093482
0.75	-0.16	0.101556068548688
0.75	-0.15	0.111214650549945
0.75	-0.14	0.120873557659095
0.75	-0.13	0.130532789821633
0.75	-0.12	0.140192346982581
0.75	-0.11	0.149852229086479
0.75	-0.1	0.159512436077396
0.75	-0.0899999999999999	0.169172967898918
0.75	-0.0800000000000001	0.178833824494159
0.75	-0.0699999999999998	0.18849500580576
0.75	-0.0600000000000001	0.198156511775878
0.75	-0.0499999999999998	0.207818342346204
0.75	-0.04	0.217480497457949
0.75	-0.0299999999999998	0.227142977051852
0.75	-0.02	0.236805781068176
0.75	-0.00999999999999979	0.246468909446713
0.75	0	0.256132362126779
0.75	0.0100000000000002	0.265796139047219
0.75	0.02	0.275460240146405
0.75	0.0300000000000002	0.285124665362237
0.75	0.04	0.294789414632143
0.75	0.0500000000000003	0.304454487893079
0.75	0.0600000000000001	0.31411988508153
0.75	0.0700000000000003	0.323785606133512
0.75	0.0800000000000001	0.33345165098457
0.75	0.0899999999999999	0.343118019569777
0.75	0.1	0.352784711823739
0.75	0.11	0.362451727680591
0.75	0.12	0.372119067074002
0.75	0.13	0.38178672993717
0.75	0.14	0.391454716202826
0.75	0.15	0.401123025803233
0.75	0.16	0.410791658670187
0.75	0.17	0.420460614735019
0.75	0.18	0.43012989392859
0.75	0.19	0.439799496181298
0.75	0.2	0.449469421423075
0.75	0.21	0.459139669583387
0.75	0.22	0.468810240591237
0.75	0.23	0.47848113437516
0.75	0.24	0.488152350863232
0.75	0.25	0.497823889983062
0.75	0.26	0.507495751661798
0.75	0.27	0.517167935826124
0.75	0.28	0.526840442402263
0.75	0.29	0.536513271315975
0.75	0.3	0.54618642249256
0.75	0.31	0.555859895856856
0.75	0.32	0.565533691333242
0.75	0.33	0.575207808845636
0.75	0.34	0.584882248317497
0.75	0.35	0.594557009671824
0.75	0.36	0.604232092831159
0.75	0.37	0.613907497717584
0.75	0.38	0.623583224252725
0.75	0.39	0.633259272357751
0.75	0.4	0.642935641953371
0.75	0.41	0.652612332959842
0.75	0.42	0.662289345296961
0.75	0.43	0.671966678884074
0.75	0.44	0.681644333640068
0.75	0.45	0.69132230948338
0.75	0.46	0.701000606331987
0.75	0.47	0.710679224103419
0.75	0.48	0.720358162714748
0.75	0.49	0.730037422082597
0.75	0.5	0.739717002123135
0.75	0.51	0.74939690275208
0.75	0.52	0.759077123884699
0.75	0.53	0.768757665435809
0.75	0.54	0.778438527319775
0.75	0.55	0.788119709450516
0.75	0.56	0.797801211741498
0.75	0.57	0.807483034105741
0.75	0.58	0.817165176455816
0.75	0.59	0.826847638703847
0.75	0.6	0.836530420761512
0.75	0.61	0.846213522540039
0.75	0.62	0.855896943950214
0.75	0.63	0.865580684902375
0.75	0.64	0.875264745306416
0.75	0.65	0.884949125071787
0.75	0.66	0.894633824107493
0.75	0.67	0.904318842322097
0.75	0.68	0.914004179623718
0.75	0.69	0.923689835920032
0.75	0.7	0.933375811118277
0.75	0.71	0.943062105125244
0.75	0.72	0.952748717847289
0.75	0.73	0.962435649190324
0.75	0.74	0.972122899059823
0.75	0.75	0.981810467360821
0.75	0.76	0.991498353997913
0.75	0.77	1.00118655887526
0.75	0.78	1.01087508189658
0.75	0.79	1.02056392296515
0.75	0.8	1.03025308198384
0.75	0.81	1.03994255885504
0.75	0.82	1.04963235348073
0.75	0.83	1.05932246576246
0.75	0.84	1.06901289560133
0.75	0.85	1.07870364289803
0.75	0.86	1.08839470755278
0.75	0.87	1.0980860894654
0.75	0.88	1.10777778853527
0.75	0.89	1.11746980466134
0.75	0.9	1.12716213774212
0.75	0.91	1.13685478767569
0.75	0.92	1.14654775435972
0.75	0.93	1.15624103769142
0.75	0.94	1.16593463756761
0.75	0.95	1.17562855388464
0.75	0.96	1.18532278653848
0.75	0.97	1.19501733542463
0.75	0.98	1.20471220043818
0.75	0.99	1.21440738147381
0.75	1	1.22410287842576
0.95	-3	-2.50026214766662
0.95	-2.99	-2.49206655583385
0.95	-2.98	-2.48386039314137
0.95	-2.97	-2.47564332937634
0.95	-2.96	-2.46741503604806
0.95	-2.95	-2.45917518671114
0.95	-2.94	-2.45092345729439
0.95	-2.93	-2.4426595264353
0.95	-2.92	-2.43438307581941
0.95	-2.91	-2.42609379052434
0.95	-2.9	-2.41779135936775
0.95	-2.89	-2.40947547525898
0.95	-2.88	-2.40114583555348
0.95	-2.87	-2.39280214240977
0.95	-2.86	-2.3844441031482
0.95	-2.85	-2.37607143061075
0.95	-2.84	-2.36768384352146
0.95	-2.83	-2.35928106684664
0.95	-2.82	-2.35086283215424
0.95	-2.81	-2.34242887797154
0.95	-2.8	-2.33397895014065
0.95	-2.79	-2.32551280217084
0.95	-2.78	-2.31703019558699
0.95	-2.77	-2.30853090027352
0.95	-2.76	-2.30001469481275
0.95	-2.75	-2.29148136681707
0.95	-2.74	-2.28293071325416
0.95	-2.73	-2.27436254076413
0.95	-2.72	-2.26577666596823
0.95	-2.71	-2.25717291576785
0.95	-2.7	-2.24855112763332
0.95	-2.69	-2.23991114988164
0.95	-2.68	-2.23125284194215
0.95	-2.67	-2.22257607460967
0.95	-2.66	-2.21388073028409
0.95	-2.65	-2.20516670319577
0.95	-2.64	-2.19643389961602
0.95	-2.63	-2.18768223805196
0.95	-2.62	-2.17891164942497
0.95	-2.61	-2.17012207723233
0.95	-2.6	-2.16131347769115
0.95	-2.59	-2.1524858198642
0.95	-2.58	-2.14363908576703
0.95	-2.57	-2.13477327045593
0.95	-2.56	-2.12588838209621
0.95	-2.55	-2.11698444201033
0.95	-2.54	-2.10806148470581
0.95	-2.53	-2.09911955788214
0.95	-2.52	-2.09015872241685
0.95	-2.51	-2.08117905233032
0.95	-2.5	-2.07218063472913
0.95	-2.49	-2.06316356972803
0.95	-2.48	-2.05412797035032
0.95	-2.47	-2.0450739624067
0.95	-2.46	-2.03600168435266
0.95	-2.45	-2.0269112871246
0.95	-2.44	-2.01780293395472
0.95	-2.43	-2.00867680016507
0.95	-2.42	-1.99953307294094
0.95	-2.41	-2.00403663000671
0.95	-2.4	-1.99484217564365
0.95	-2.39	-1.98563106232175
0.95	-2.38	-1.97640351920422
0.95	-2.37	-1.9671597856195
0.95	-2.36	-1.95790011072667
0.95	-2.35	-1.9486247531644
0.95	-2.34	-1.93933398068418
0.95	-2.33	-1.93002806976845
0.95	-2.32	-1.92070730523454
0.95	-2.31	-1.91137197982521
0.95	-2.3	-1.9020223937866
0.95	-2.29	-1.89265885443456
0.95	-2.28	-1.88328167571022
0.95	-2.27	-1.87389117772584
0.95	-2.26	-1.86448768630181
0.95	-2.25	-1.85507153249592
0.95	-2.24	-1.84564305212582
0.95	-2.23	-1.83620258528577
0.95	-2.22	-1.82675047585872
0.95	-2.21	-1.81728707102478
0.95	-2.2	-1.80781272076712
0.95	-2.19	-1.79832777737645
0.95	-2.18	-1.78883259495504
0.95	-2.17	-1.77932752892147
0.95	-2.16	-1.76981293551707
0.95	-2.15	-1.76028917131523
0.95	-2.14	-1.75075659273448
0.95	-2.13	-1.74121555555645
0.95	-2.12	-1.73166641444986
0.95	-2.11	-1.72210952250119
0.95	-2.1	-1.71254523075338
0.95	-2.09	-1.7029738877533
0.95	-2.08	-1.69339583910895
0.95	-2.07	-1.68381142705728
0.95	-2.06	-1.67422099004358
0.95	-2.05	-1.66462486231309
0.95	-2.04	-1.65502337351582
0.95	-2.03	-1.64541684832523
0.95	-2.02	-1.63580560607144
0.95	-2.01	-1.62618996038976
0.95	-2	-1.61657021888514
0.95	-1.99	-1.60694668281302
0.95	-1.98	-1.5973196467773
0.95	-1.97	-1.58768939844575
0.95	-1.96	-1.57805621828345
0.95	-1.95	-1.56842037930458
0.95	-1.94	-1.55878214684289
0.95	-1.93	-1.54914177834124
0.95	-1.92	-1.53949952316038
0.95	-1.91	-1.52985562240715
0.95	-1.9	-1.52021030878233
0.95	-1.89	-1.51056380644814
0.95	-1.88	-1.50091633091549
0.95	-1.87	-1.49126808895095
0.95	-1.86	-1.48161927850335
0.95	-1.85	-1.47197008864989
0.95	-1.84	-1.46232069956168
0.95	-1.83	-1.45267128248836
0.95	-1.82	-1.44302199976159
0.95	-1.81	-1.43337300481713
0.95	-1.8	-1.4237244422351
0.95	-1.79	-1.41407644779796
0.95	-1.78	-1.4044291485659
0.95	-1.77	-1.39478266296892
0.95	-1.76	-1.38513710091527
0.95	-1.75	-1.37549256391549
0.95	-1.74	-1.36584914522159
0.95	-1.73	-1.35620692998053
0.95	-1.72	-1.34656599540144
0.95	-1.71	-1.33692641093578
0.95	-1.7	-1.32728823846975
0.95	-1.69	-1.31765153252806
0.95	-1.68	-1.30801634048838
0.95	-1.67	-1.29838270280549
0.95	-1.66	-1.28875065324444
0.95	-1.65	-1.27912021912175
0.95	-1.64	-1.2694914215538
0.95	-1.63	-1.2598642757115
0.95	-1.62	-1.25023879108048
0.95	-1.61	-1.24061497172565
0.95	-1.6	-1.23099281655953
0.95	-1.59	-1.22137231961327
0.95	-1.58	-1.2117534703095
0.95	-1.57	-1.20213625373623
0.95	-1.56	-1.19252065092084
0.95	-1.55	-1.18290663910345
0.95	-1.54	-1.17329419200866
0.95	-1.53	-1.16368328011508
0.95	-1.52	-1.15407387092173
0.95	-1.51	-1.14446592921064
0.95	-1.5	-1.13485941730492
0.95	-1.49	-1.12525429532167
0.95	-1.48	-1.11565052141903
0.95	-1.47	-1.10604805203684
0.95	-1.46	-1.09644684213029
0.95	-1.45	-1.08684684539613
0.95	-1.44	-1.07724801449089
0.95	-1.43	-1.06765030124077
0.95	-1.42	-1.05805365684272
0.95	-1.41	-1.04845803205653
0.95	-1.4	-1.03886337738747
0.95	-1.39	-1.02926964325942
0.95	-1.38	-1.01967678017818
0.95	-1.37	-1.0100847388849
0.95	-1.36	-1.00049347049946
0.95	-1.35	-0.990902926653858
0.95	-1.34	-0.981313059615538
0.95	-1.33	-0.971723822400682
0.95	-1.32	-0.962135168877619
0.95	-1.31	-0.952547053860423
0.95	-1.3	-0.942959433192903
0.95	-1.29	-0.93337226382313
0.95	-1.28	-0.923785503868811
0.95	-1.27	-0.914199112673695
0.95	-1.26	-0.904613050855359
0.95	-1.25	-0.895027280344679
0.95	-1.24	-0.885441764417323
0.95	-1.23	-0.875856467717618
0.95	-1.22	-0.866271356275214
0.95	-1.21	-0.856686397514887
0.95	-1.2	-0.847101560259921
0.95	-1.19	-0.837516814729488
0.95	-1.18	-0.827932132530417
0.95	-1.17	-0.818347486643825
0.95	-1.16	-0.808762851406977
0.95	-1.15	-0.799178202490866
0.95	-1.14	-0.789593516873878
0.95	-1.13	-0.780008772811987
0.95	-1.12	-0.770423949805875
0.95	-1.11	-0.760839028565383
0.95	-1.1	-0.751253990971653
0.95	-1.09	-0.741668820037353
0.95	-1.08	-0.732083499865336
0.95	-1.07	-0.722498015606049
0.95	-1.06	-0.712912353414038
0.95	-1.05	-0.70332650040383
0.95	-1.04	-0.693740444605491
0.95	-1.03	-0.684154174920099
0.95	-1.02	-0.674567681075393
0.95	-1.01	-0.664980953581807
0.95	-1	-0.6553939836891
0.95	-0.99	-0.645806763343756
0.95	-0.98	-0.636219285147304
0.95	-0.97	-0.626631542315722
0.95	-0.96	-0.617043528640038
0.95	-0.95	-0.607455238448212
0.95	-0.94	-0.597866666568417
0.95	-0.93	-0.588277808293776
0.95	-0.92	-0.578688659348594
0.95	-0.91	-0.569099215856148
0.95	-0.9	-0.559509474308046
0.95	-0.89	-0.549919431535174
0.95	-0.88	-0.54032908468022
0.95	-0.87	-0.53073843117179
0.95	-0.86	-0.521147468700062
0.95	-0.85	-0.51155619519399
0.95	-0.84	-0.501964608799977
0.95	-0.83	-0.492372707862025
0.95	-0.82	-0.482780490903279
0.95	-0.81	-0.473187956608915
0.95	-0.8	-0.463595103810335
0.95	-0.79	-0.454001931470609
0.95	-0.78	-0.444408438671079
0.95	-0.77	-0.434814624599082
0.95	-0.76	-0.425220488536749
0.95	-0.75	-0.415626029850759
0.95	-0.74	-0.40603124798305
0.95	-0.73	-0.39643614244239
0.95	-0.72	-0.386840712796752
0.95	-0.71	-0.377244958666435
0.95	-0.7	-0.367648879717888
0.95	-0.69	-0.358052475658159
0.95	-0.68	-0.348455746229938
0.95	-0.67	-0.338858691207131
0.95	-0.66	-0.329261310390921
0.95	-0.65	-0.319663603606282
0.95	-0.64	-0.310065570698889
0.95	-0.63	-0.300467211532386
0.95	-0.62	-0.290868525986
0.95	-0.61	-0.281269513952426
0.95	-0.6	-0.271670175335997
0.95	-0.59	-0.262070510051072
0.95	-0.58	-0.252470518020646
0.95	-0.57	-0.242870199175134
0.95	-0.56	-0.233269553451326
0.95	-0.55	-0.223668580791489
0.95	-0.54	-0.214067281142581
0.95	-0.53	-0.204465654455593
0.95	-0.52	-0.194863700684984
0.95	-0.51	-0.185261419788185
0.95	-0.5	-0.175658811725194
0.95	-0.49	-0.16605587645823
0.95	-0.48	-0.156452613951435
0.95	-0.47	-0.146849024170627
0.95	-0.46	-0.137245107083091
0.95	-0.45	-0.127640862657412
0.95	-0.44	-0.118036290863318
0.95	-0.43	-0.108431391671569
0.95	-0.42	-0.0988261650538564
0.95	-0.41	-0.0892206109827182
0.95	-0.4	-0.0796147294314706
0.95	-0.39	-0.0700085203741573
0.95	-0.38	-0.0604019837854955
0.95	-0.37	-0.0507951196408508
0.95	-0.36	-0.0411879279161918
0.95	-0.35	-0.0315804085880838
0.95	-0.34	-0.0219725616336554
0.95	-0.33	-0.0123643870305905
0.95	-0.32	-0.00275588475710561
0.95	-0.31	0.00685294520804316
0.95	-0.3	0.0164621028855836
0.95	-0.29	0.0260715882957244
0.95	-0.28	0.035681401458168
0.95	-0.27	0.0452915423921057
0.95	-0.26	0.054902011116227
0.95	-0.25	0.0645128076487169
0.95	-0.24	0.074123932007265
0.95	-0.23	0.0837353842090569
0.95	-0.22	0.0933471642707838
0.95	-0.21	0.102959272208639
0.95	-0.2	0.112571708038322
0.95	-0.19	0.122184471775033
0.95	-0.18	0.131797563433477
0.95	-0.17	0.141410983027867
0.95	-0.16	0.151024730571914
0.95	-0.15	0.160638806078841
0.95	-0.14	0.170253209561374
0.95	-0.13	0.17986794103174
0.95	-0.12	0.189483000501675
0.95	-0.11	0.199098387982417
0.95	-0.1	0.208714103484713
0.95	-0.0899999999999999	0.218330147018808
0.95	-0.0800000000000001	0.227946518594458
0.95	-0.0699999999999998	0.237563218220923
0.95	-0.0600000000000001	0.247180245906962
0.95	-0.0499999999999998	0.256797601660845
0.95	-0.04	0.266415285490344
0.95	-0.0299999999999998	0.276033297402736
0.95	-0.02	0.2856516374048
0.95	-0.00999999999999979	0.295270305502824
0.95	0	0.304889301702596
0.95	0.0100000000000002	0.314508626009411
0.95	0.02	0.324128278428067
0.95	0.0300000000000002	0.333748258962867
0.95	0.04	0.343368567617618
0.95	0.0500000000000003	0.352989204395632
0.95	0.0600000000000001	0.362610169299722
0.95	0.0700000000000003	0.372231462332211
0.95	0.0800000000000001	0.38185308349492
0.95	0.0899999999999999	0.391475032789179
0.95	0.1	0.401097310215819
0.95	0.11	0.410719915775177
0.95	0.12	0.420342849467093
0.95	0.13	0.429966111290912
0.95	0.14	0.439589701245483
0.95	0.15	0.449213619329157
0.95	0.16	0.458837865539795
0.95	0.17	0.468462439874755
0.95	0.18	0.478087342330904
0.95	0.19	0.487712572904611
0.95	0.2	0.497338131591751
0.95	0.21	0.506964018387701
0.95	0.22	0.516590233287345
0.95	0.23	0.526216776285069
0.95	0.24	0.535843647374765
0.95	0.25	0.545470846549828
0.95	0.26	0.555098373803159
0.95	0.27	0.564726229127162
0.95	0.28	0.574354412513746
0.95	0.29	0.583982923954325
0.95	0.3	0.593611763439818
0.95	0.31	0.603240930960647
0.95	0.32	0.61287042650674
0.95	0.33	0.62250025006753
0.95	0.34	0.632130401631955
0.95	0.35	0.641760881188456
0.95	0.36	0.651391688724982
0.95	0.37	0.661022824228985
0.95	0.38	0.670654287687421
0.95	0.39	0.680286079086756
0.95	0.4	0.689918198412955
0.95	0.41	0.699550645651494
0.95	0.42	0.709183420787351
0.95	0.43	0.718816523805011
0.95	0.44	0.728449954688465
0.95	0.45	0.738083713421208
0.95	0.46	0.747717799986242
0.95	0.47	0.757352214366075
0.95	0.48	0.766986956542722
0.95	0.49	0.776622026497703
0.95	0.5	0.786257424212044
0.95	0.51	0.795893149666277
0.95	0.52	0.805529202840444
0.95	0.53	0.815165583714089
0.95	0.54	0.824802292266265
0.95	0.55	0.834439328475534
0.95	0.56	0.84407669231996
0.95	0.57	0.853714383777118
0.95	0.58	0.86335240282409
0.95	0.59	0.872990749437463
0.95	0.6	0.882629423593336
0.95	0.61	0.89226842526731
0.95	0.62	0.901907754434499
0.95	0.63	0.911547411069522
0.95	0.64	0.921187395146507
0.95	0.65	0.930827706639091
0.95	0.66	0.940468345520418
0.95	0.67	0.950109311763142
0.95	0.68	0.959750605339425
0.95	0.69	0.969392226220939
0.95	0.7	0.979034174378864
0.95	0.71	0.98867644978389
0.95	0.72	0.998319052406215
0.95	0.73	1.00796198221555
0.95	0.74	1.01760523918111
0.95	0.75	1.02724882327163
0.95	0.76	1.03689273445535
0.95	0.77	1.04653697270001
0.95	0.78	1.05618153797287
0.95	0.79	1.06582643024071
0.95	0.8	1.07547164946981
0.95	0.81	1.08511719562597
0.95	0.82	1.09476306867447
0.95	0.83	1.10440926858015
0.95	0.84	1.11405579530733
0.95	0.85	1.12370264881985
0.95	0.86	1.13334982908107
0.95	0.87	1.14299733605384
0.95	0.88	1.15264516970055
0.95	0.89	1.16229332998308
0.95	0.9	1.17194181686284
0.95	0.91	1.18159063030075
0.95	0.92	1.19123977025724
0.95	0.93	1.20088923669225
0.95	0.94	1.21053902956524
0.95	0.95	1.22018914883519
0.95	0.96	1.22983959446057
0.95	0.97	1.23949036639941
0.95	0.98	1.2491414646092
0.95	0.99	1.25879288904699
0.95	1	1.26844463966933
