location	site	replicate	depth_mm	drops	dens_gm3	comp_MN	tens_MN
south	back	1	10	25	2.34947626084107	9.5802592959567	0.87357997470121
south	back	1	20	40	2.58447807546393	15.3284148735307	1.39772795952194
south	back	2	10	0.606060606060606	0.489650704450721	0.232248710205011	0.0211776963563930
south	back	2	20	0.606060606060606	0.489650704450721	0.232248710205011	0.0211776963563930
south	back	2	30	0.606060606060606	0.489650704450721	0.232248710205011	0.0211776963563930
south	back	2	40	0.606060606060606	0.489650704450721	0.232248710205011	0.0211776963563930
south	back	2	50	0.606060606060606	0.489650704450721	0.232248710205011	0.0211776963563930
south	back	2	60	0.606060606060606	0.489650704450721	0.232248710205011	0.0211776963563930
south	back	2	70	0.606060606060606	0.489650704450721	0.232248710205011	0.0211776963563930
south	back	2	80	0.606060606060606	0.489650704450721	0.232248710205011	0.0211776963563930
south	back	2	90	0.606060606060606	0.489650704450721	0.232248710205011	0.0211776963563930
south	back	2	100	0.606060606060606	0.489650704450721	0.232248710205011	0.0211776963563930
south	back	2	110	0.606060606060606	0.489650704450721	0.232248710205011	0.0211776963563930
south	back	2	120	0.606060606060606	0.489650704450721	0.232248710205011	0.0211776963563930
south	back	2	130	0.606060606060606	0.489650704450721	0.232248710205011	0.0211776963563930
south	back	2	140	0.606060606060606	0.489650704450721	0.232248710205011	0.0211776963563930
south	back	2	150	0.606060606060606	0.489650704450721	0.232248710205011	0.0211776963563930
south	back	2	160	0.606060606060606	0.489650704450721	0.232248710205011	0.0211776963563930
south	back	2	170	3.63636363636364	1.38553043906475	1.39349226123007	0.127066178138358
south	back	2	180	6.66666666666667	1.68859834084991	2.55473581225512	0.232954659920323
south	back	3	10	20	2.23790448518396	7.66420743676536	0.698863979760968
south	back	4	10	6.25	1.65632908028112	2.39506482398917	0.218394993675303
south	back	4	20	6.10294117647059	1.64442375593426	2.33871035754237	0.213256287941766
south	back	4	30	5.88235294117647	1.62601676937290	2.25417865787216	0.205548229341461
south	back	4	40	3.95220588235294	1.42717528553985	1.51452628575786	0.138102716588794
south	back	4	50	3.125	1.30975549000115	1.19753241199459	0.109197496837651
south	back	4	60	3.125	1.30975549000115	1.19753241199459	0.109197496837651
south	back	4	70	2.75297619047619	1.24637963718158	1.05496902961428	0.096197794833169
south	back	4	80	2.38095238095238	1.17378863225933	0.91240564723397	0.0831980928286867
south	back	4	90	2.38095238095238	1.17378863225933	0.91240564723397	0.0831980928286867
south	back	4	100	2.38095238095238	1.17378863225933	0.91240564723397	0.0831980928286867
south	back	4	110	2.07762557077626	1.10565119297419	0.796167667517864	0.0725988837422925
south	back	4	120	1.36986301369863	0.897393720826816	0.524945714846942	0.0478673958740389
south	back	4	130	1.36986301369863	0.897393720826816	0.524945714846942	0.0478673958740389
south	back	4	140	1.36986301369863	0.897393720826816	0.524945714846942	0.0478673958740389
south	back	4	150	1.36986301369863	0.897393720826816	0.524945714846942	0.0478673958740389
south	back	4	160	1.36986301369863	0.897393720826816	0.524945714846942	0.0478673958740389
south	back	4	170	1.36986301369863	0.897393720826816	0.524945714846942	0.0478673958740389
south	back	4	180	1.36986301369863	0.897393720826816	0.524945714846942	0.0478673958740389
south	back	5	10	0.555555555555556	0.446145015955907	0.21289465102126	0.0194128883266936
south	back	5	20	0.555555555555556	0.446145015955907	0.21289465102126	0.0194128883266936
south	back	5	30	0.555555555555556	0.446145015955907	0.21289465102126	0.0194128883266936
south	back	5	40	0.555555555555556	0.446145015955907	0.21289465102126	0.0194128883266936
south	back	5	50	0.555555555555556	0.446145015955907	0.21289465102126	0.0194128883266936
south	back	5	60	0.555555555555556	0.446145015955907	0.21289465102126	0.0194128883266936
south	back	5	70	0.555555555555556	0.446145015955907	0.21289465102126	0.0194128883266936
south	back	5	80	0.555555555555556	0.446145015955907	0.21289465102126	0.0194128883266936
south	back	5	90	0.555555555555556	0.446145015955907	0.21289465102126	0.0194128883266936
south	back	5	100	0.555555555555556	0.446145015955907	0.21289465102126	0.0194128883266936
south	back	5	110	0.555555555555556	0.446145015955907	0.21289465102126	0.0194128883266936
south	back	5	120	0.555555555555556	0.446145015955907	0.21289465102126	0.0194128883266936
south	back	5	130	0.555555555555556	0.446145015955907	0.21289465102126	0.0194128883266936
south	back	5	140	0.555555555555556	0.446145015955907	0.21289465102126	0.0194128883266936
south	back	5	150	0.555555555555556	0.446145015955907	0.21289465102126	0.0194128883266936
south	back	5	160	0.555555555555556	0.446145015955907	0.21289465102126	0.0194128883266936
south	back	5	170	0.555555555555556	0.446145015955907	0.21289465102126	0.0194128883266936
south	back	5	180	0.555555555555556	0.446145015955907	0.21289465102126	0.0194128883266936
south	back	6	10	0.555555555555556	0.446145015955907	0.21289465102126	0.0194128883266936
south	back	6	20	0.555555555555556	0.446145015955907	0.21289465102126	0.0194128883266936
south	back	6	30	0.555555555555556	0.446145015955907	0.21289465102126	0.0194128883266936
south	back	6	40	0.555555555555556	0.446145015955907	0.21289465102126	0.0194128883266936
south	back	6	50	0.555555555555556	0.446145015955907	0.21289465102126	0.0194128883266936
south	back	6	60	0.555555555555556	0.446145015955907	0.21289465102126	0.0194128883266936
south	back	6	70	0.555555555555556	0.446145015955907	0.21289465102126	0.0194128883266936
south	back	6	80	0.555555555555556	0.446145015955907	0.21289465102126	0.0194128883266936
south	back	6	90	0.555555555555556	0.446145015955907	0.21289465102126	0.0194128883266936
south	back	6	100	0.555555555555556	0.446145015955907	0.21289465102126	0.0194128883266936
south	back	6	110	0.555555555555556	0.446145015955907	0.21289465102126	0.0194128883266936
south	back	6	120	0.555555555555556	0.446145015955907	0.21289465102126	0.0194128883266936
south	back	6	130	0.555555555555556	0.446145015955907	0.21289465102126	0.0194128883266936
south	back	6	140	0.555555555555556	0.446145015955907	0.21289465102126	0.0194128883266936
south	back	6	150	0.555555555555556	0.446145015955907	0.21289465102126	0.0194128883266936
south	back	6	160	0.555555555555556	0.446145015955907	0.21289465102126	0.0194128883266936
south	back	6	170	0.555555555555556	0.446145015955907	0.21289465102126	0.0194128883266936
south	back	6	180	0.555555555555556	0.446145015955907	0.21289465102126	0.0194128883266936
south	back	7	10	10	1.89133089490399	3.83210371838268	0.349431989880484
south	back	7	20	18	2.18522422735505	6.89778669308882	0.628977581784872
south	back	7	30	5.75	1.61463827581160	2.20345963807004	0.200923394181278
south	back	7	40	4.16666666666667	1.45359652622704	1.59670988265945	0.145596662450202
south	back	7	50	10.4166666666667	1.91174189216412	3.99177470664864	0.363991656125505
south	back	7	60	11.6666666666667	1.96840623481762	4.47078767144647	0.407670654860566
south	back	7	70	10	1.89133089490399	3.83210371838268	0.349431989880484
south	back	7	80	10	1.89133089490399	3.83210371838268	0.349431989880484
south	back	7	90	15	2.09406344895807	5.74815557757402	0.524147984820726
south	back	8	10	6.66666666666667	1.68859834084991	2.55473581225512	0.232954659920323
south	back	8	20	4.68468468468468	1.51218765353854	1.79521975996305	0.163697869133200
south	back	8	30	2.7027027027027	1.2371644850789	1.03570370767099	0.0944410783460767
south	back	8	40	2.7027027027027	1.2371644850789	1.03570370767099	0.0944410783460767
south	back	8	50	2.7027027027027	1.2371644850789	1.03570370767099	0.0944410783460767
south	back	8	60	12.2072072072072	1.9910516144077	4.67792841298065	0.42655887052978
south	back	8	70	14.5833333333333	2.07997801047472	5.58848458930806	0.509588318575705
south	back	8	80	7.25	1.73053908284026	2.77827519582744	0.253338192663351
south	back	8	90	5	1.54475730462402	1.91605185919134	0.174715994940242
south	back	8	100	7.33333333333333	1.73625343075207	2.81020939348063	0.256250125912355
south	back	8	110	6.34057971014493	1.66352344900717	2.42977590839482	0.221560138511177
south	back	8	120	4.34782608695652	1.47487633343644	1.66613205147073	0.151926952121950
south	back	8	130	5.14492753623188	1.55904399084604	1.97158959424036	0.179780226677640
south	back	8	140	8.33333333333333	1.80017011650701	3.1934197653189	0.291193324900403
south	back	9	10	20	2.23790448518396	7.66420743676536	0.698863979760968
south	back	9	20	24	2.32906526358094	9.19704892411843	0.838636775713162
south	back	9	30	26	2.36908661741771	9.96346966779496	0.908523173689259
south	back	9	40	25	2.34947626084107	9.5802592959567	0.87357997470121
south	back	10	10	10	1.89133089490399	3.83210371838268	0.349431989880484
south	back	10	20	70	2.86428596943165	26.8247260286788	2.44602392916339
south	flat	1	10	10	1.89133089490399	3.83210371838268	0.349431989880484
south	flat	1	20	70	2.86428596943165	26.8247260286788	2.44602392916339
south	flat	2	10	10	1.89133089490399	3.83210371838268	0.349431989880484
south	flat	2	20	30	2.44063703923804	11.4963111551480	1.04829596964145
south	flat	3	10	10	1.89133089490399	3.83210371838268	0.349431989880484
south	flat	3	20	20	2.23790448518396	7.66420743676536	0.698863979760968
south	flat	3	30	50	2.69604985112104	19.1605185919134	1.74715994940242
south	flat	3	40	20	2.23790448518396	7.66420743676536	0.698863979760968
south	flat	4	10	2.5	1.19818371434404	0.95802592959567	0.087357997470121
south	flat	4	20	2.5	1.19818371434404	0.95802592959567	0.087357997470121
south	flat	4	30	2.5	1.19818371434404	0.95802592959567	0.087357997470121
south	flat	4	40	2.5	1.19818371434404	0.95802592959567	0.087357997470121
south	flat	4	50	2.22222222222222	1.13929219651585	0.851578604085039	0.0776515533067742
south	flat	4	60	2.22222222222222	1.13929219651585	0.851578604085039	0.0776515533067742
south	flat	4	70	2.22222222222222	1.13929219651585	0.851578604085039	0.0776515533067742
south	flat	4	80	2.22222222222222	1.13929219651585	0.851578604085039	0.0776515533067742
south	flat	4	90	2.77777777777778	1.25086397217296	1.0644732551063	0.0970644416334679
south	flat	4	100	3.33333333333333	1.34202475056993	1.27736790612756	0.116477329960161
south	flat	4	110	3.33333333333333	1.34202475056993	1.27736790612756	0.116477329960161
south	flat	4	120	3.66666666666667	1.38967984047210	1.40510469674032	0.128125062956178
south	flat	4	130	4	1.43318552896691	1.53284148735307	0.139772795952194
south	flat	4	140	4	1.43318552896691	1.53284148735307	0.139772795952194
south	flat	4	150	25	2.34947626084107	9.5802592959567	0.87357997470121
south	flat	4	160	35	2.51771237915167	13.4123630143394	1.22301196458169
south	flat	5	10	17.1428571428571	2.16082914527033	6.56932066008457	0.599026268366543
south	flat	5	20	17.8571428571429	2.18124014253046	6.8430423542548	0.623985696215152
south	flat	5	30	45	2.64336959329213	17.2444667327221	1.57244395446218
south	flat	6	10	9.09090909090909	1.84367580500183	3.48373065307516	0.317665445345895
south	flat	6	20	10.9090909090909	1.93483658339880	4.18047678369019	0.381198534415073
south	flat	6	30	5.88235294117647	1.62601676937290	2.25417865787216	0.205548229341461
south	flat	6	40	7.11764705882353	1.72132694917723	2.72755617602532	0.248713357503168
south	flat	6	50	13	2.02251302713773	4.98173483389748	0.454261586844629
south	flat	6	60	34	2.50321861071505	13.0291526425011	1.18806876559365
south	flat	7	10	7.69230769230769	1.76014876267024	2.9477720910636	0.268793838369603
south	flat	7	20	15.6410256410256	2.11498700392582	5.9938032518293	0.546547471351525
south	flat	7	30	15.5555555555556	2.11224727104351	5.96105022859529	0.543560873147421
south	flat	7	40	7.53968253968254	1.75012838722852	2.88928454957424	0.263460627290841
south	flat	7	50	11.9047619047619	1.97850758847638	4.56202823616985	0.415990464143433
south	flat	7	60	7.29166666666667	1.73340442019475	2.79424229465404	0.254794159287853
south	flat	7	70	10.375	1.90973788146535	3.97580760782203	0.362535689501002
south	flat	7	80	14	2.05956701321460	5.36494520573575	0.489204785832678
south	flat	8	10	80	2.93105166574391	30.6568297470614	2.79545591904387
south	flat	9	10	16.6666666666667	2.14674370678699	6.38683953063781	0.582386649800808
south	flat	9	20	73.3333333333333	2.88754597724909	28.1020939348063	2.56250125912355
south	flat	10	10	7.69230769230769	1.76014876267024	2.9477720910636	0.268793838369603
south	flat	10	20	62.3076923076923	2.80608079350944	23.8769539376151	2.17723009079379
south	back_crest	1	10	4	1.43318552896691	1.53284148735307	0.139772795952194
south	back_crest	1	20	4	1.43318552896691	1.53284148735307	0.139772795952194
south	back_crest	1	30	12	1.98249167330097	4.59852446205921	0.419318387856581
south	back_crest	1	40	30	2.44063703923804	11.4963111551480	1.04829596964145
south	back_crest	2	10	10	1.89133089490399	3.83210371838268	0.349431989880484
south	back_crest	2	20	10	1.89133089490399	3.83210371838268	0.349431989880484
south	back_crest	2	30	32.8571428571429	2.48612292834091	12.5911979318288	1.14813368103588
south	back_crest	2	40	7.14285714285714	1.72309477659338	2.73721694170191	0.24959427848606
south	back_crest	2	50	20	2.23790448518396	7.66420743676536	0.698863979760968
south	back_crest	3	10	13.8461538461538	2.0540420951213	5.30598976391446	0.483828909065284
south	back_crest	3	20	16.1538461538462	2.13111743503493	6.19032139123358	0.564467060576168
south	back_crest	4	10	5	1.54475730462402	1.91605185919134	0.174715994940242
south	back_crest	4	20	5	1.54475730462402	1.91605185919134	0.174715994940242
south	back_crest	5	10	6.66666666666667	1.68859834084991	2.55473581225512	0.232954659920323
south	back_crest	5	20	15.6410256410256	2.11498700392582	5.9938032518293	0.546547471351525
south	back_crest	5	30	7.69230769230769	1.76014876267024	2.9477720910636	0.268793838369603
south	back_crest	5	40	10	1.89133089490399	3.83210371838268	0.349431989880484
south	back_crest	5	50	11.6666666666667	1.96840623481762	4.47078767144647	0.407670654860566
south	back_crest	5	60	8.33333333333333	1.80017011650701	3.1934197653189	0.291193324900403
south	back_crest	5	70	15	2.09406344895807	5.74815557757402	0.524147984820726
south	back_crest	5	80	25	2.34947626084107	9.5802592959567	0.87357997470121
south	back_crest	6	10	6.66666666666667	1.68859834084991	2.55473581225512	0.232954659920323
south	back_crest	6	20	11.6666666666667	1.96840623481762	4.47078767144647	0.407670654860566
south	back_crest	6	30	31.6666666666667	2.46767064987318	12.1349951082118	1.10653463462153
south	back_crest	6	40	50	2.69604985112104	19.1605185919134	1.74715994940242
south	back_crest	7	10	30	2.44063703923804	11.4963111551480	1.04829596964145
south	back_crest	7	20	56	2.75271419377454	21.459780822943	1.95681914333071
south	back_crest	8	10	10	1.89133089490399	3.83210371838268	0.349431989880484
south	back_crest	8	20	20	2.23790448518396	7.66420743676536	0.698863979760968
south	back_crest	8	30	10	1.89133089490399	3.83210371838268	0.349431989880484
south	back_crest	8	40	33.75	2.49952855706624	12.9333500495415	1.17933296584663
south	back_crest	8	50	26.25	2.37387134292578	10.0592722607545	0.917258973436271
south	back_crest	9	10	10	1.89133089490399	3.83210371838268	0.349431989880484
south	back_crest	9	20	80	2.93105166574391	30.6568297470614	2.79545591904387
south	back_crest	10	10	10	1.89133089490399	3.83210371838268	0.349431989880484
south	back_crest	10	20	20	2.23790448518396	7.66420743676536	0.698863979760968
south	back_crest	10	30	10	1.89133089490399	3.83210371838268	0.349431989880484
south	back_crest	10	40	7.69230769230769	1.76014876267024	2.9477720910636	0.268793838369603
south	back_crest	10	50	10.0854700854701	1.89558623973794	3.86485674161672	0.352418588084591
south	back_crest	10	60	22.2222222222222	2.29058474301287	8.51578604085039	0.776515533067742
south	crest	1	10	3.33333333333333	1.34202475056993	1.27736790612756	0.116477329960161
south	crest	1	20	3.33333333333333	1.34202475056993	1.27736790612756	0.116477329960161
south	crest	1	30	3.33333333333333	1.34202475056993	1.27736790612756	0.116477329960161
south	crest	1	40	13.3333333333333	2.03517193112988	5.10947162451022	0.465909319840644
south	crest	1	50	6.66666666666667	1.68859834084991	2.55473581225512	0.232954659920323
south	crest	1	60	10.7894736842105	1.92932384839295	4.13463822246551	0.377018725923679
south	crest	1	70	2.63157894736842	1.22383036153782	1.00844834694281	0.0919557868106537
south	crest	1	80	2.63157894736842	1.22383036153782	1.00844834694281	0.0919557868106537
south	crest	1	90	2.63157894736842	1.22383036153782	1.00844834694281	0.0919557868106537
south	crest	1	100	11.3157894736842	1.95313787288758	4.33632789185408	0.395409883285811
south	crest	1	110	20	2.23790448518396	7.66420743676536	0.698863979760968
south	crest	1	120	5.55555555555556	1.59743756245293	2.1289465102126	0.194128883266936
south	crest	1	130	5.35353535353535	1.57891692661275	2.05153027347759	0.187069651148138
south	crest	1	140	4.54545454545454	1.49710221472185	1.74186532653758	0.158832722672947
south	crest	1	150	4.54545454545454	1.49710221472185	1.74186532653758	0.158832722672947
south	crest	2	10	50	2.69604985112104	19.1605185919134	1.74715994940242
south	crest	3	10	15	2.09406344895807	5.74815557757402	0.524147984820726
south	crest	3	20	35	2.51771237915167	13.4123630143394	1.22301196458169
south	crest	3	30	42.5	2.61479038637215	16.2864408031264	1.48508595699206
south	crest	4	10	6.66666666666667	1.68859834084991	2.55473581225512	0.232954659920323
south	crest	4	20	13.3333333333333	2.03517193112988	5.10947162451022	0.465909319840644
south	crest	4	30	60	2.78721062951802	22.9926223102961	2.09659193928290
south	crest	5	10	6.66666666666667	1.68859834084991	2.55473581225512	0.232954659920323
south	crest	5	20	20	2.23790448518396	7.66420743676536	0.698863979760968
south	crest	5	30	33.3333333333333	2.49331729706696	12.7736790612756	1.16477329960161
south	crest	5	40	8.33333333333333	1.80017011650701	3.1934197653189	0.291193324900403
south	crest	5	50	25.6666666666667	2.36263491499975	9.83573287718222	0.896875440693244
south	crest	6	10	1.88679245283019	1.05747748462495	0.723038437430695	0.0659305641283933
south	crest	6	20	1.88679245283019	1.05747748462495	0.723038437430695	0.0659305641283933
south	crest	6	30	1.88679245283019	1.05747748462495	0.723038437430695	0.0659305641283933
south	crest	6	40	1.88679245283019	1.05747748462495	0.723038437430695	0.0659305641283933
south	crest	6	50	1.88679245283019	1.05747748462495	0.723038437430695	0.0659305641283933
south	crest	6	60	3.74785591766724	1.40063030899657	1.43621725980552	0.130962075109581
south	crest	6	70	4.54545454545454	1.49710221472185	1.74186532653758	0.158832722672947
south	crest	6	80	9.41558441558442	1.86122146490746	3.60814960497071	0.329010639822534
south	crest	6	90	32.8571428571429	2.48612292834091	12.5911979318288	1.14813368103588
south	crest	7	10	10	1.89133089490399	3.83210371838268	0.349431989880484
south	crest	7	20	22.5	2.29679600301215	8.62223336636103	0.786221977231089
south	crest	7	30	6.25	1.65632908028112	2.39506482398917	0.218394993675303
south	crest	7	40	4.72826086956522	1.51681707542679	1.81191860597442	0.165220560432620
south	crest	7	50	4.34782608695652	1.47487633343644	1.66613205147073	0.151926952121950
south	crest	7	60	5.1150895140665	1.55613579818532	1.96015535467145	0.178737590731706
south	crest	7	70	5.88235294117647	1.62601676937290	2.25417865787216	0.205548229341461
south	crest	7	80	32.843137254902	2.48590975417439	12.5858308397863	1.14764428048983
south	crest	8	10	6.66666666666667	1.68859834084991	2.55473581225512	0.232954659920323
south	crest	8	20	5.50724637681159	1.59307072246855	2.11043393186292	0.192440806021136
south	crest	8	30	4.34782608695652	1.47487633343644	1.66613205147073	0.151926952121950
south	crest	8	40	23.4782608695652	2.31807581022155	8.99711307794193	0.820405541458527
south	crest	8	50	60	2.78721062951802	22.9926223102961	2.09659193928290
south	crest	9	10	10	1.89133089490399	3.83210371838268	0.349431989880484
south	crest	9	20	40	2.58447807546393	15.3284148735307	1.39772795952194
south	crest	10	10	30	2.44063703923804	11.4963111551480	1.04829596964145
south	crest	10	20	10.6666666666667	1.92360015547278	4.0875772996082	0.372727455872518
south	crest	10	30	1.33333333333333	0.883879384632855	0.510947162451022	0.0465909319840644
south	crest	10	40	1.33333333333333	0.883879384632855	0.510947162451022	0.0465909319840644
south	crest	10	50	1.33333333333333	0.883879384632855	0.510947162451022	0.0465909319840644
south	crest	10	60	1.33333333333333	0.883879384632855	0.510947162451022	0.0465909319840644
south	crest	10	70	1.33333333333333	0.883879384632855	0.510947162451022	0.0465909319840644
south	crest	10	80	1.33333333333333	0.883879384632855	0.510947162451022	0.0465909319840644
south	crest	10	90	1.33333333333333	0.883879384632855	0.510947162451022	0.0465909319840644
south	crest	10	100	6.66666666666667	1.68859834084991	2.55473581225512	0.232954659920323
south	crest	10	110	13.3333333333333	2.03517193112988	5.10947162451022	0.465909319840644
south	crest	10	120	30	2.44063703923804	11.4963111551480	1.04829596964145
washing	back	1	10	3.57142857142857	1.37652118631341	1.36860847085096	0.12479713924303
washing	back	1	20	3.57142857142857	1.37652118631341	1.36860847085096	0.12479713924303
washing	back	1	30	3.13492063492063	1.31134027738179	1.20133410219139	0.109544155557771
washing	back	1	40	1.38888888888889	0.904290381892984	0.53223662755315	0.0485322208167339
washing	back	1	50	1.38888888888889	0.904290381892984	0.53223662755315	0.0485322208167339
washing	back	1	60	1.38888888888889	0.904290381892984	0.53223662755315	0.0485322208167339
washing	back	1	70	1.38888888888889	0.904290381892984	0.53223662755315	0.0485322208167339
washing	back	1	80	1.38888888888889	0.904290381892984	0.53223662755315	0.0485322208167339
washing	back	1	90	1.38888888888889	0.904290381892984	0.53223662755315	0.0485322208167339
washing	back	1	100	1.38888888888889	0.904290381892984	0.53223662755315	0.0485322208167339
washing	back	1	110	4	1.43318552896691	1.53284148735307	0.139772795952194
washing	back	1	120	4	1.43318552896691	1.53284148735307	0.139772795952194
washing	back	1	130	3.11111111111111	1.30752831482646	1.19221004571905	0.108712174629484
washing	back	1	140	2.22222222222222	1.13929219651585	0.851578604085039	0.0776515533067742
washing	back	1	150	2.22222222222222	1.13929219651585	0.851578604085039	0.0776515533067742
washing	back	1	160	2.22222222222222	1.13929219651585	0.851578604085039	0.0776515533067742
washing	back	1	170	2.22222222222222	1.13929219651585	0.851578604085039	0.0776515533067742
washing	back	1	180	10	1.89133089490399	3.83210371838268	0.349431989880484
washing	back	2	10	16.6666666666667	2.14674370678699	6.38683953063781	0.582386649800808
washing	back	2	20	13.5507246376812	2.04325836075268	5.19277822708379	0.473505667446744
washing	back	2	30	1.08695652173913	0.781729152876491	0.416533012867682	0.0379817380304874
washing	back	2	40	1.08695652173913	0.781729152876491	0.416533012867682	0.0379817380304874
washing	back	2	50	1.08695652173913	0.781729152876491	0.416533012867682	0.0379817380304874
washing	back	2	60	1.08695652173913	0.781729152876491	0.416533012867682	0.0379817380304874
washing	back	2	70	1.08695652173913	0.781729152876491	0.416533012867682	0.0379817380304874
washing	back	2	80	1.08695652173913	0.781729152876491	0.416533012867682	0.0379817380304874
washing	back	2	90	1.08695652173913	0.781729152876491	0.416533012867682	0.0379817380304874
washing	back	2	100	1.08695652173913	0.781729152876491	0.416533012867682	0.0379817380304874
washing	back	2	110	1.08695652173913	0.781729152876491	0.416533012867682	0.0379817380304874
washing	back	2	120	1.42857142857143	0.918375820376333	0.547443388340383	0.0499188556972121
washing	back	2	130	1.42857142857143	0.918375820376333	0.547443388340383	0.0499188556972121
washing	back	2	140	1.42857142857143	0.918375820376333	0.547443388340383	0.0499188556972121
washing	back	2	150	1.42857142857143	0.918375820376333	0.547443388340383	0.0499188556972121
washing	back	2	160	1.42857142857143	0.918375820376333	0.547443388340383	0.0499188556972121
washing	back	2	170	1.42857142857143	0.918375820376333	0.547443388340383	0.0499188556972121
washing	back	2	180	1.42857142857143	0.918375820376333	0.547443388340383	0.0499188556972121
washing	back	3	10	15	2.09406344895807	5.74815557757402	0.524147984820726
washing	back	3	20	35	2.51771237915167	13.4123630143394	1.22301196458169
washing	back	3	30	15	2.09406344895807	5.74815557757402	0.524147984820726
washing	back	3	40	5.90909090909091	1.6282843469556	2.26442492449886	0.206482539474832
washing	back	3	50	1.81818181818182	1.03895684878478	0.696746130615033	0.063533089069179
washing	back	3	60	1.81818181818182	1.03895684878478	0.696746130615033	0.063533089069179
washing	back	3	70	1.81818181818182	1.03895684878478	0.696746130615033	0.063533089069179
washing	back	3	80	1.81818181818182	1.03895684878478	0.696746130615033	0.063533089069179
washing	back	3	90	1.81818181818182	1.03895684878478	0.696746130615033	0.063533089069179
washing	back	3	100	2	1.08661193868694	0.766420743676536	0.0698863979760968
washing	back	3	110	2	1.08661193868694	0.766420743676536	0.0698863979760968
washing	back	3	120	2	1.08661193868694	0.766420743676536	0.0698863979760968
washing	back	3	130	2	1.08661193868694	0.766420743676536	0.0698863979760968
washing	back	3	140	2	1.08661193868694	0.766420743676536	0.0698863979760968
washing	back	4	10	20	2.23790448518396	7.66420743676536	0.698863979760968
washing	back	5	10	20	2.23790448518396	7.66420743676536	0.698863979760968
washing	back	5	20	60	2.78721062951802	22.9926223102961	2.09659193928290
washing	back	6	10	5	1.54475730462402	1.91605185919134	0.174715994940242
washing	back	6	20	5	1.54475730462402	1.91605185919134	0.174715994940242
washing	back	6	30	24	2.32906526358094	9.19704892411843	0.838636775713162
washing	back	6	40	36	2.53179781763502	13.7955733861776	1.25795516356974
washing	back	7	10	6.66666666666667	1.68859834084991	2.55473581225512	0.232954659920323
washing	back	7	20	6.27450980392157	1.65828602994169	2.40445723506364	0.219251444630892
washing	back	7	30	5.88235294117647	1.62601676937290	2.25417865787216	0.205548229341461
washing	back	7	40	2.84313725490196	1.26249240325509	1.08951968463821	0.099348310848373
washing	back	7	50	2.08333333333333	1.10702293594707	0.798354941329723	0.0727983312251008
washing	back	7	60	2.08333333333333	1.10702293594707	0.798354941329723	0.0727983312251008
washing	back	7	70	2.08333333333333	1.10702293594707	0.798354941329723	0.0727983312251008
washing	back	7	80	2.08333333333333	1.10702293594707	0.798354941329723	0.0727983312251008
washing	back	7	90	5	1.54475730462402	1.91605185919134	0.174715994940242
washing	back	7	100	5	1.54475730462402	1.91605185919134	0.174715994940242
washing	back	7	110	4.54545454545454	1.49710221472185	1.74186532653758	0.158832722672947
washing	back	7	120	4.54545454545454	1.49710221472185	1.74186532653758	0.158832722672947
washing	back	7	130	2.2884012539185	1.15396506408576	0.876939095429267	0.0799640603801736
washing	back	7	140	1.72413793103448	1.01240193612780	0.660707537652185	0.0602468948069799
washing	back	7	150	1.72413793103448	1.01240193612780	0.660707537652185	0.0602468948069799
washing	back	7	160	1.72413793103448	1.01240193612780	0.660707537652185	0.0602468948069799
washing	back	7	170	1.72413793103448	1.01240193612780	0.660707537652185	0.0602468948069799
washing	back	7	180	1.72413793103448	1.01240193612780	0.660707537652185	0.0602468948069799
washing	back	8	10	10	1.89133089490399	3.83210371838268	0.349431989880484
washing	back	8	20	20	2.23790448518396	7.66420743676536	0.698863979760968
washing	back	8	30	60	2.78721062951802	22.9926223102961	2.09659193928290
washing	back	9	10	6.66666666666667	1.68859834084991	2.55473581225512	0.232954659920323
washing	back	9	20	13.3333333333333	2.03517193112988	5.10947162451022	0.465909319840644
washing	back	9	30	40	2.58447807546393	15.3284148735307	1.39772795952194
washing	back	9	40	32	2.47290629980683	12.2627318988246	1.11818236761755
washing	back	10	10	20	2.23790448518396	7.66420743676536	0.698863979760968
washing	back	10	20	10.4761904761905	1.91459090272144	4.01458484782948	0.366071608446222
washing	back	10	30	0.595238095238095	0.480641451699382	0.228101411808493	0.0207995232071717
washing	back	10	40	0.595238095238095	0.480641451699382	0.228101411808493	0.0207995232071717
washing	back	10	50	0.595238095238095	0.480641451699382	0.228101411808493	0.0207995232071717
washing	back	10	60	0.595238095238095	0.480641451699382	0.228101411808493	0.0207995232071717
washing	back	10	70	0.595238095238095	0.480641451699382	0.228101411808493	0.0207995232071717
washing	back	10	80	0.595238095238095	0.480641451699382	0.228101411808493	0.0207995232071717
washing	back	10	90	0.595238095238095	0.480641451699382	0.228101411808493	0.0207995232071717
washing	back	10	100	0.595238095238095	0.480641451699382	0.228101411808493	0.0207995232071717
washing	back	10	110	0.595238095238095	0.480641451699382	0.228101411808493	0.0207995232071717
washing	back	10	120	0.595238095238095	0.480641451699382	0.228101411808493	0.0207995232071717
washing	back	10	130	0.595238095238095	0.480641451699382	0.228101411808493	0.0207995232071717
washing	back	10	140	0.595238095238095	0.480641451699382	0.228101411808493	0.0207995232071717
washing	back	10	150	0.595238095238095	0.480641451699382	0.228101411808493	0.0207995232071717
washing	back	10	160	0.595238095238095	0.480641451699382	0.228101411808493	0.0207995232071717
washing	back	10	170	0.595238095238095	0.480641451699382	0.228101411808493	0.0207995232071717
washing	back	10	180	0.595238095238095	0.480641451699382	0.228101411808493	0.0207995232071717
washing	flat	1	10	8.33333333333333	1.80017011650701	3.1934197653189	0.291193324900403
washing	flat	1	20	16.6666666666667	2.14674370678699	6.38683953063781	0.582386649800808
washing	flat	1	30	8.33333333333333	1.80017011650701	3.1934197653189	0.291193324900403
washing	flat	1	40	6.66666666666667	1.68859834084991	2.55473581225512	0.232954659920323
washing	flat	1	50	5	1.54475730462402	1.91605185919134	0.174715994940242
washing	flat	1	60	5	1.54475730462402	1.91605185919134	0.174715994940242
washing	flat	1	70	50	2.69604985112104	19.1605185919134	1.74715994940242
washing	flat	2	10	3.125	1.30975549000115	1.19753241199459	0.109197496837651
washing	flat	2	20	3.125	1.30975549000115	1.19753241199459	0.109197496837651
washing	flat	2	30	3.125	1.30975549000115	1.19753241199459	0.109197496837651
washing	flat	2	40	10.625	1.92164320581221	4.07161020078160	0.371271489248014
washing	flat	2	50	10	1.89133089490399	3.83210371838268	0.349431989880484
washing	flat	2	60	30	2.44063703923804	11.4963111551480	1.04829596964145
washing	flat	2	70	30	2.44063703923804	11.4963111551480	1.04829596964145
washing	flat	3	10	6.66666666666667	1.68859834084991	2.55473581225512	0.232954659920323
washing	flat	3	20	6.66666666666667	1.68859834084991	2.55473581225512	0.232954659920323
washing	flat	3	30	6.66666666666667	1.68859834084991	2.55473581225512	0.232954659920323
washing	flat	3	40	10.9615384615385	1.93723466953055	4.20057522976564	0.383031219676686
washing	flat	3	50	1.92307692307692	1.06700158211030	0.736943022765899	0.0671984595924007
washing	flat	3	60	1.92307692307692	1.06700158211030	0.736943022765899	0.0671984595924007
washing	flat	3	70	1.92307692307692	1.06700158211030	0.736943022765899	0.0671984595924007
washing	flat	3	80	1.92307692307692	1.06700158211030	0.736943022765899	0.0671984595924007
washing	flat	3	90	11.3461538461538	1.95447775756613	4.34796383431879	0.396470911595163
washing	flat	5	10	50	2.69604985112104	19.1605185919134	1.74715994940242
washing	flat	6	10	10	1.89133089490399	3.83210371838268	0.349431989880484
washing	flat	6	20	6.66666666666667	1.68859834084991	2.55473581225512	0.232954659920323
washing	flat	6	30	8.33333333333333	1.80017011650701	3.1934197653189	0.291193324900403
washing	flat	6	40	7.17391304347826	1.72526397739268	2.74911788492670	0.250679471001217
washing	flat	6	50	4.34782608695652	1.47487633343644	1.66613205147073	0.151926952121950
washing	flat	6	60	4.32932469935245	1.47274413404321	1.65904212784745	0.151280454453346
washing	flat	6	70	4.25531914893617	1.46412323082596	1.63068243335433	0.148694463778929
washing	flat	6	80	4.25531914893617	1.46412323082596	1.63068243335433	0.148694463778929
washing	flat	6	90	4.25531914893617	1.46412323082596	1.63068243335433	0.148694463778929
washing	flat	6	100	4.25531914893617	1.46412323082596	1.63068243335433	0.148694463778929
washing	flat	6	110	12.1276595744681	1.98778272796624	4.64744493505985	0.423779221769949
washing	flat	6	120	22.7272727272727	2.30182117093890	8.7093266326879	0.794163613364736
washing	flat	7	10	4	1.43318552896691	1.53284148735307	0.139772795952194
washing	flat	7	20	4	1.43318552896691	1.53284148735307	0.139772795952194
washing	flat	7	30	32	2.47290629980683	12.2627318988246	1.11818236761755
washing	flat	7	40	16.1538461538462	2.13111743503493	6.19032139123358	0.564467060576168
washing	flat	7	50	8.84615384615385	1.83002973385782	3.38993790472314	0.309112914125044
washing	flat	7	60	7.17391304347826	1.72526397739268	2.74911788492670	0.250679471001217
washing	flat	7	70	4.34782608695652	1.47487633343644	1.66613205147073	0.151926952121950
washing	flat	7	80	5.14492753623188	1.55904399084604	1.97158959424036	0.179780226677640
washing	flat	7	90	8.33333333333333	1.80017011650701	3.1934197653189	0.291193324900403
washing	flat	8	10	2.85714285714286	1.26494941065631	1.09488677668077	0.0998377113944241
washing	flat	8	20	2.85714285714286	1.26494941065631	1.09488677668077	0.0998377113944241
washing	flat	8	30	2.85714285714286	1.26494941065631	1.09488677668077	0.0998377113944241
washing	flat	8	40	4.76190476190476	1.5203622225393	1.82481129446794	0.166396185657373
washing	flat	8	50	6.66666666666667	1.68859834084991	2.55473581225512	0.232954659920323
washing	flat	8	60	10	1.89133089490399	3.83210371838268	0.349431989880484
washing	flat	8	70	4	1.43318552896691	1.53284148735307	0.139772795952194
washing	flat	8	80	4	1.43318552896691	1.53284148735307	0.139772795952194
washing	flat	8	90	12	1.98249167330097	4.59852446205921	0.419318387856581
washing	flat	8	100	40	2.58447807546393	15.3284148735307	1.39772795952194
washing	flat	9	10	5.88235294117647	1.62601676937290	2.25417865787216	0.205548229341461
washing	flat	9	20	5.1890756302521	1.56331613610227	1.9885076017658	0.181322902311932
washing	flat	9	30	3.57142857142857	1.37652118631341	1.36860847085096	0.12479713924303
washing	flat	9	40	3.57142857142857	1.37652118631341	1.36860847085096	0.12479713924303
washing	flat	9	50	4.28571428571429	1.46768196471039	1.64233016502115	0.149756567091636
washing	flat	9	60	5	1.54475730462402	1.91605185919134	0.174715994940242
washing	flat	9	70	12.5	2.00290267056109	4.79012964797835	0.436789987350605
washing	flat	9	80	30	2.44063703923804	11.4963111551480	1.04829596964145
washing	flat	9	90	30	2.44063703923804	11.4963111551480	1.04829596964145
washing	flat	10	10	6.66666666666667	1.68859834084991	2.55473581225512	0.232954659920323
washing	flat	10	20	10.4761904761905	1.91459090272144	4.01458484782948	0.366071608446222
washing	flat	10	30	32.8571428571429	2.48612292834091	12.5911979318288	1.14813368103588
washing	flat	10	40	3.33333333333333	1.34202475056993	1.27736790612756	0.116477329960161
washing	flat	10	50	3.33333333333333	1.34202475056993	1.27736790612756	0.116477329960161
washing	flat	10	60	3.33333333333333	1.34202475056993	1.27736790612756	0.116477329960161
washing	back_crest	1	10	13.3333333333333	2.03517193112988	5.10947162451022	0.465909319840644
washing	back_crest	1	20	21.6666666666667	2.27792583902073	8.30289138982915	0.75710264474105
washing	back_crest	1	30	25	2.34947626084107	9.5802592959567	0.87357997470121
washing	back_crest	2	10	10	1.89133089490399	3.83210371838268	0.349431989880484
washing	back_crest	3	10	16.6666666666667	2.14674370678699	6.38683953063781	0.582386649800808
washing	back_crest	3	20	23.3333333333333	2.31497982509759	8.9415753428929	0.815341309721129
washing	back_crest	3	30	20	2.23790448518396	7.66420743676536	0.698863979760968
washing	back_crest	4	10	5.88235294117647	1.62601676937290	2.25417865787216	0.205548229341461
washing	back_crest	4	20	5.1890756302521	1.56331613610227	1.9885076017658	0.181322902311932
washing	back_crest	4	30	3.57142857142857	1.37652118631341	1.36860847085096	0.12479713924303
washing	back_crest	4	40	3.57142857142857	1.37652118631341	1.36860847085096	0.12479713924303
washing	back_crest	4	50	2.74725274725275	1.24533905407966	1.05277574680843	0.0959977994177155
washing	back_crest	4	60	1.92307692307692	1.06700158211030	0.736943022765899	0.0671984595924007
washing	back_crest	4	70	1.92307692307692	1.06700158211030	0.736943022765899	0.0671984595924007
washing	back_crest	4	80	1.92307692307692	1.06700158211030	0.736943022765899	0.0671984595924007
washing	back_crest	4	90	1.92307692307692	1.06700158211030	0.736943022765899	0.0671984595924007
washing	back_crest	4	100	5.09615384615385	1.55428140210936	1.95289901032964	0.178075917919862
washing	back_crest	4	110	17.9166666666667	2.18290403757680	6.86585249543564	0.626065648535869
washing	back_crest	4	120	13.8888888888889	2.05558292839001	5.3223662755315	0.485322208167340
washing	back_crest	4	130	14.4444444444444	2.07519328496665	5.53526092655274	0.504735096494031
washing	back_crest	4	140	11.8918918918919	1.97796675554101	4.55709631375238	0.415540744722738
washing	back_crest	4	150	2.7027027027027	1.2371644850789	1.03570370767099	0.0944410783460767
washing	back_crest	4	160	2.7027027027027	1.2371644850789	1.03570370767099	0.0944410783460767
washing	back_crest	4	170	2.7027027027027	1.2371644850789	1.03570370767099	0.0944410783460767
washing	back_crest	5	10	10	1.89133089490399	3.83210371838268	0.349431989880484
washing	back_crest	5	20	80	2.93105166574391	30.6568297470614	2.79545591904387
washing	back_crest	6	10	12.5	2.00290267056109	4.79012964797835	0.436789987350605
washing	back_crest	7	10	30	2.44063703923804	11.4963111551480	1.04829596964145
washing	back_crest	8	10	6.66666666666667	1.68859834084991	2.55473581225512	0.232954659920323
washing	back_crest	8	20	20	2.23790448518396	7.66420743676536	0.698863979760968
washing	back_crest	8	30	25.2252252252252	2.35396059583245	9.6665679382626	0.881450064563382
washing	back_crest	8	40	2.7027027027027	1.2371644850789	1.03570370767099	0.0944410783460767
washing	back_crest	8	50	2.7027027027027	1.2371644850789	1.03570370767099	0.0944410783460767
washing	back_crest	8	60	2.7027027027027	1.2371644850789	1.03570370767099	0.0944410783460767
washing	back_crest	8	70	4.54545454545454	1.49710221472185	1.74186532653758	0.158832722672947
washing	back_crest	8	80	4.54545454545454	1.49710221472185	1.74186532653758	0.158832722672947
washing	back_crest	8	90	2.41852487135506	1.18161724691783	0.926803815252071	0.084510995837304
washing	back_crest	8	100	1.88679245283019	1.05747748462495	0.723038437430695	0.0659305641283933
washing	back_crest	8	110	1.88679245283019	1.05747748462495	0.723038437430695	0.0659305641283933
washing	back_crest	8	120	1.88679245283019	1.05747748462495	0.723038437430695	0.0659305641283933
washing	back_crest	8	130	1.88679245283019	1.05747748462495	0.723038437430695	0.0659305641283933
washing	back_crest	8	140	5.9433962264151	1.63117871104372	2.27757107790669	0.207681277004439
washing	back_crest	9	10	20	2.23790448518396	7.66420743676536	0.698863979760968
washing	back_crest	9	20	20.4347826086957	2.24865758779444	7.83082064191245	0.714056674973165
washing	back_crest	9	30	4.34782608695652	1.47487633343644	1.66613205147073	0.151926952121950
washing	back_crest	9	40	4.34782608695652	1.47487633343644	1.66613205147073	0.151926952121950
washing	back_crest	9	50	4.34782608695652	1.47487633343644	1.66613205147073	0.151926952121950
washing	back_crest	9	60	4.34782608695652	1.47487633343644	1.66613205147073	0.151926952121950
washing	back_crest	9	70	32.1739130434783	2.4756163335415	12.3293771808834	1.12425944570243
washing	back_crest	10	10	1.53846153846154	0.955429806453194	0.58955441821272	0.0537587676739207
washing	back_crest	10	20	1.53846153846154	0.955429806453194	0.58955441821272	0.0537587676739207
washing	back_crest	10	30	1.53846153846154	0.955429806453194	0.58955441821272	0.0537587676739207
washing	back_crest	10	40	1.53846153846154	0.955429806453194	0.58955441821272	0.0537587676739207
washing	back_crest	10	50	1.53846153846154	0.955429806453194	0.58955441821272	0.0537587676739207
washing	back_crest	10	60	1.53846153846154	0.955429806453194	0.58955441821272	0.0537587676739207
washing	back_crest	10	70	5.76923076923077	1.61630772644435	2.2108290682977	0.201595378777202
washing	back_crest	10	80	15	2.09406344895807	5.74815557757402	0.524147984820726
washing	back_crest	10	90	70	2.86428596943165	26.8247260286788	2.44602392916339
washing	crest	1	10	13.3333333333333	2.03517193112988	5.10947162451022	0.465909319840644
washing	crest	1	20	36.6666666666667	2.54097238696912	14.0510469674032	1.28125062956178
washing	crest	1	30	24	2.32906526358094	9.19704892411843	0.838636775713162
washing	crest	1	40	18.5	2.19892371444911	7.08939187900796	0.646449181278896
washing	crest	2	10	1.85185185185185	1.04813141811887	0.709648836737532	0.0647096277556451
washing	crest	2	20	1.85185185185185	1.04813141811887	0.709648836737532	0.0647096277556451
washing	crest	2	30	1.85185185185185	1.04813141811887	0.709648836737532	0.0647096277556451
washing	crest	2	40	1.85185185185185	1.04813141811887	0.709648836737532	0.0647096277556451
washing	crest	2	50	1.85185185185185	1.04813141811887	0.709648836737532	0.0647096277556451
washing	crest	2	60	50.7407407407407	2.70340292481589	19.4443781266084	1.77304380050468
washing	crest	3	10	8.33333333333333	1.80017011650701	3.1934197653189	0.291193324900403
washing	crest	3	20	21.6666666666667	2.27792583902073	8.30289138982915	0.75710264474105
washing	crest	3	30	70	2.86428596943165	26.8247260286788	2.44602392916339
washing	crest	4	10	11.6666666666667	1.96840623481762	4.47078767144647	0.407670654860566
washing	crest	4	20	18.3333333333333	2.19439879668915	7.02552348370156	0.640625314780886
washing	crest	4	30	60	2.78721062951802	22.9926223102961	2.09659193928290
washing	crest	5	10	13.3333333333333	2.03517193112988	5.10947162451022	0.465909319840644
washing	crest	5	20	7.61904761904762	1.75536403716217	2.91969807114871	0.266233897051798
washing	crest	5	30	4.76190476190476	1.5203622225393	1.82481129446794	0.166396185657373
washing	crest	5	40	4.91071428571429	1.53574805187268	1.88183664742007	0.171596066459166
washing	crest	5	50	6.25	1.65632908028112	2.39506482398917	0.218394993675303
washing	crest	5	60	8.125	1.78751121251487	3.11358427118593	0.283913491777893
washing	crest	5	70	9.16666666666667	1.84782520640917	3.51276174185079	0.320312657390444
washing	crest	5	80	6.9047619047619	1.70614400075554	2.64597637697851	0.241274469203191
washing	crest	5	90	3.57142857142857	1.37652118631341	1.36860847085096	0.12479713924303
washing	crest	5	100	3.57142857142857	1.37652118631341	1.36860847085096	0.12479713924303
washing	crest	5	110	2.45238095238095	1.18856803338010	0.93977781665099	0.0856940356135472
washing	crest	5	120	1.33333333333333	0.883879384632855	0.510947162451022	0.0465909319840644
washing	crest	5	130	1.33333333333333	0.883879384632855	0.510947162451022	0.0465909319840644
washing	crest	5	140	1.33333333333333	0.883879384632855	0.510947162451022	0.0465909319840644
washing	crest	5	150	1.33333333333333	0.883879384632855	0.510947162451022	0.0465909319840644
washing	crest	5	160	1.33333333333333	0.883879384632855	0.510947162451022	0.0465909319840644
washing	crest	5	170	1.33333333333333	0.883879384632855	0.510947162451022	0.0465909319840644
washing	crest	5	180	1.33333333333333	0.883879384632855	0.510947162451022	0.0465909319840644
washing	crest	6	10	10	1.89133089490399	3.83210371838268	0.349431989880484
washing	crest	6	20	43.3333333333333	2.6244994293007	16.6057827796583	1.51420528948210
washing	crest	7	10	50	2.69604985112104	19.1605185919134	1.74715994940242
washing	crest	7	20	10	1.89133089490399	3.83210371838268	0.349431989880484
washing	crest	7	30	5.88235294117647	1.62601676937290	2.25417865787216	0.205548229341461
washing	crest	8	10	8.33333333333333	1.80017011650701	3.1934197653189	0.291193324900403
washing	crest	8	20	81.6666666666667	2.94136130934527	31.2955137001252	2.85369458402395
washing	crest	9	10	6.66666666666667	1.68859834084991	2.55473581225512	0.232954659920323
washing	crest	9	20	13.3333333333333	2.03517193112988	5.10947162451022	0.465909319840644
washing	crest	9	30	23.3333333333333	2.31497982509759	8.9415753428929	0.815341309721129
washing	crest	9	40	41.6666666666667	2.60488907272406	15.9670988265945	1.45596662450202
washing	crest	10	10	10	1.89133089490399	3.83210371838268	0.349431989880484
washing	crest	10	20	10	1.89133089490399	3.83210371838268	0.349431989880484
washing	crest	10	30	11.6666666666667	1.96840623481762	4.47078767144647	0.407670654860566
washing	crest	10	40	20	2.23790448518396	7.66420743676536	0.698863979760968
washing	crest	10	50	18.3333333333333	2.19439879668915	7.02552348370156	0.640625314780886
